0.477284 -0.878556 0.0184031 0.681433 0.878745 0.477243 -0.00686302 0.552625 -0.00275319 0.0194472 0.999807 0.791128
0.475178 -0.879813 0.0116119 1.52318 0.879888 0.47516 -0.00450918 2.13759 -0.00155029 0.0123599 0.999922 0.789764
0.472992 -0.880958 0.0138399 2.35527 0.881059 0.472995 -0.00328279 3.78683 -0.00365422 0.0137465 0.999899 0.808808
0.47068 -0.882198 0.0136626 3.21213 0.882299 0.470674 -0.00384519 5.4162 -0.00303844 0.0138644 0.999899 0.815335
0.469012 -0.883059 0.0152984 4.10197 0.883183 0.469012 -0.00381133 7.0549 -0.0038095 0.0152988 0.999876 0.839131
0.46935 -0.882874 0.0156324 4.97076 0.882947 0.469456 0.00383222 8.72993 -0.0107221 0.0120039 0.99987 0.829704
0.472535 -0.881092 0.0196744 5.90586 0.881205 0.472707 0.00498043 10.409 -0.0136885 0.0149838 0.999794 0.803293
0.475247 -0.879612 0.0205826 6.78968 0.87982 0.475301 -0.00246322 12.1226 -0.00761627 0.0192796 0.999785 0.799453
0.476631 -0.878977 0.0149255 7.70814 0.879088 0.476653 -0.00224569 13.7797 -0.00514037 0.0141912 0.999886 0.835876
0.47695 -0.878645 0.0224008 8.65321 0.878844 0.477105 0.00186986 15.5285 -0.0123305 0.018795 0.999747 0.826017
0.474693 -0.87941 0.0361099 9.58743 0.8801 0.474707 -0.00874671 17.2667 -0.00944965 0.0359323 0.99931 0.81183
0.471446 -0.881292 0.0326001 10.5171 0.881882 0.471317 -0.0120246 18.9947 -0.00476781 0.0344183 0.999396 0.806294
0.469723 -0.882351 0.0285973 11.4576 0.882773 0.469765 -0.0056457 20.7858 -0.00845251 0.0278968 0.999575 0.804758
0.467702 -0.883437 0.0281984 12.4117 0.883805 0.467853 -0.00137065 22.5962 -0.0119818 0.025563 0.999601 0.784601
0.466484 -0.883989 0.0309338 13.3095 0.88435 0.466809 0.00385457 24.3177 -0.0178476 0.0255582 0.999514 0.763393
0.466932 -0.883822 0.0288795 14.2894 0.884126 0.467229 0.00418879 26.1968 -0.0171955 0.0235772 0.999574 0.766419
0.466602 -0.884089 0.0258618 15.1618 0.884354 0.46681 0.00234693 27.8914 -0.0141474 0.0217759 0.999663 0.750767
0.464942 -0.884883 0.0284734 16.0946 0.885199 0.465204 0.00297866 29.6534 -0.0158817 0.0238197 0.99959 0.743476
0.463907 -0.885525 0.0252117 16.9915 0.885828 0.464009 -0.00198099 31.4441 -0.00994426 0.0232523 0.99968 0.727999
0.463065 -0.886064 0.0214949 17.9123 0.886261 0.463185 0.00071367 33.1774 -0.0105885 0.0187196 0.999769 0.743634
0.462446 -0.886183 0.0287089 18.7817 0.886532 0.462666 0.0011654 34.8779 -0.0143154 0.0249124 0.999587 0.740148
0.462308 -0.886109 0.0328902 19.7068 0.886626 0.462481 -0.00260675 36.6166 -0.0129012 0.0303664 0.999456 0.748662
0.460422 -0.886954 0.0363973 20.6 0.887548 0.460715 -0.000395828 38.3254 -0.0164177 0.0324866 0.999337 0.749154
0.458609 -0.887619 0.0425357 21.4942 0.888302 0.459227 0.00553149 40.0708 -0.0244434 0.0352477 0.99908 0.715115
0.456014 -0.888989 0.0418268 22.3164 0.889838 0.456259 -0.00404217 41.7365 -0.0154904 0.0390624 0.999117 0.718399
0.454706 -0.890058 0.0322507 23.149 0.890581 0.454799 -0.00480525 43.3874 -0.0103906 0.0309068 0.999468 0.698329
0.452583 -0.891157 0.0317565 23.925 0.891617 0.45279 -0.000747013 44.953 -0.0137133 0.0286527 0.999495 0.716988
0.449691 -0.892643 0.0310871 24.6938 0.893067 0.449923 0.000502632 46.4984 -0.0144355 0.0275369 0.999517 0.706104
0.447698 -0.893642 0.0311523 25.4306 0.894058 0.447949 0.00121491 47.986 -0.0150403 0.0273081 0.999514 0.724577
0.445241 -0.894862 0.0313524 26.1423 0.895236 0.445572 0.00413512 49.4822 -0.0176701 0.0262267 0.9995 0.719087
0.442315 -0.896142 0.0358784 26.8133 0.896578 0.442825 0.00735285 50.9119 -0.022477 0.0289155 0.999329 0.644839
0.439925 -0.897503 0.0308722 27.4523 0.897913 0.440171 0.00128839 52.245 -0.0147454 0.0271538 0.999523 0.686343
0.438754 -0.898363 0.0209726 28.112 0.89858 0.438803 -0.00242073 53.5742 -0.00702816 0.0199077 0.999777 0.698189
0.436153 -0.899538 0.0245284 28.9412 0.899826 0.436247 -0.0016769 55.3168 -0.009192 0.0228027 0.999698 0.72545
0.439537 -0.897782 0.0281948 29.7586 0.898224 0.439346 -0.0129559 56.9749 -0.000755707 0.0310198 0.999519 0.737904
0.451879 -0.891601 0.0291904 30.5219 0.892038 0.45193 -0.00522608 58.5009 -0.00853243 0.0284005 0.99956 0.756389
0.48031 -0.876538 0.0313632 31.2678 0.876961 0.480561 0.000546323 59.8669 -0.0155508 0.0272419 0.999508 0.748277
0.538946 -0.841809 0.0299202 32.0754 0.842142 0.539249 0.00251736 61.1281 -0.0182536 0.0238403 0.999549 0.766114
0.654345 -0.755403 0.0346215 33.2013 0.755697 0.65489 0.00634045 62.5095 -0.0274629 0.0220145 0.99938 0.739323
0.797523 -0.602394 0.0328392 34.452 0.602547 0.79806 0.00611296 63.5675 -0.0298901 0.0149119 0.999442 0.715367
0.92351 -0.382256 0.0317789 35.908 0.382379 0.924003 0.00236584 64.1539 -0.0302681 0.0099667 0.999492 0.672317
0.995736 -0.0844465 0.0371357 37.7478 0.084622 0.996408 -0.00317572 64.4193 -0.0367342 0.00630468 0.999305 0.654765
0.985566 0.166246 0.0319677 39.5908 -0.165885 0.986051 -0.0136488 64.1704 -0.0337909 0.00814882 0.999396 0.616992
0.94448 0.327041 0.0316502 41.2699 -0.327189 0.944959 -0.000516367 63.7038 -0.030077 -0.0098679 0.999499 0.559666
0.914893 0.403453 0.0140491 42.8264 -0.403429 0.914999 -0.00460555 62.9033 -0.014713 -0.00145422 0.999891 0.496858
0.895842 0.443789 0.0227826 44.1198 -0.443758 0.896122 -0.00666936 62.2058 -0.0233758 -0.00413528 0.999718 0.482134
0.882021 0.470746 0.0209172 45.5104 -0.470604 0.882269 -0.0115786 61.4532 -0.0239052 0.000368803 0.999714 0.433905
0.873706 0.486143 0.0174098 47.0175 -0.485961 0.873872 -0.0137407 60.652 -0.0218939 0.00354486 0.999754 0.408249
0.868045 0.496155 0.0180949 48.6701 -0.495976 0.868229 -0.0136303 59.6616 -0.0224733 0.00285706 0.999743 0.372209
0.867198 0.497752 0.0145444 50.4456 -0.497441 0.867256 -0.0205017 58.6341 -0.0228185 0.0105441 0.999684 0.331517
0.872304 0.488786 0.0132357 52.3544 -0.488417 0.872288 -0.0237236 57.5606 -0.0231411 0.0142297 0.999631 0.27086
0.876579 0.480983 0.0162801 53.7219 -0.480615 0.876655 -0.0220127 56.8148 -0.0248598 0.0114714 0.999625 0.228278
0.880099 0.474455 0.0178503 55.1492 -0.474001 0.880182 -0.0245461 56.0742 -0.0273575 0.0131419 0.999539 0.178324
0.883639 0.467859 0.0170062 56.5515 -0.467482 0.883728 -0.0220364 55.3215 -0.0253388 0.0115222 0.999613 0.138775
0.884943 0.46555 0.0118471 58.0034 -0.465349 0.884976 -0.0163592 54.5907 -0.0181004 0.0089639 0.999796 0.118619
0.885012 0.465256 0.0170448 59.487 -0.465163 0.885176 -0.00928954 53.8414 -0.0194097 0.000292721 0.999812 0.115864
0.885109 0.465044 0.0177765 60.9952 -0.464942 0.885287 -0.0097484 53.0563 -0.0202707 0.000363367 0.999794 0.119963
0.885356 0.464549 0.0184137 62.4783 -0.464468 0.885547 -0.00872224 52.3 -0.0203581 -0.000830302 0.999792 0.0989095
0.883549 0.467933 0.0194819 63.9118 -0.467915 0.883755 -0.0057312 51.5905 -0.019899 -0.00405207 0.999794 0.0848633
0.87973 0.474718 0.0267952 65.4203 -0.474934 0.880019 0.00198399 50.8234 -0.0226385 -0.0144714 0.999639 0.080972
0.873247 0.486431 0.0287078 66.8796 -0.486652 0.873596 0.000815213 50.0231 -0.0246824 -0.0146826 0.999588 0.0780193
0.864072 0.502674 0.0264394 68.2757 -0.502826 0.864387 -0.0010049 49.2403 -0.023359 -0.0124261 0.99965 0.0549839
0.853156 0.520911 0.0278764 69.7219 -0.521097 0.853497 -0.00067598 48.4033 -0.0241445 -0.0139496 0.999611 0.0316278
0.841024 0.540299 0.0274867 70.9974 -0.54042 0.841388 -0.00345271 47.606 -0.0249925 -0.0119506 0.999616 0.0295513
0.829011 0.558529 0.0280394 72.3402 -0.558692 0.829372 -0.00239229 46.7088 -0.0245913 -0.0136821 0.999604 -0.021841
0.818235 0.574296 0.025987 73.6149 -0.574427 0.818551 -0.0028678 45.8473 -0.0229187 -0.0125811 0.999658 -0.0117306
0.807287 0.58963 0.0249573 74.8219 -0.589757 0.807576 -0.00273969 44.9922 -0.0217703 -0.012507 0.999685 -0.0250186
0.797213 0.603167 0.0253337 75.9533 -0.60326 0.797531 -0.00463239 44.0612 -0.0229985 -0.0115898 0.999668 -0.0474523
0.790877 0.611365 0.0273093 77.1294 -0.611373 0.791291 -0.00901297 43.1834 -0.0271198 -0.00956803 0.999586 -0.0578949
0.787949 0.615119 0.0276729 78.7986 -0.615005 0.788409 -0.0134734 41.9065 -0.0301053 -0.00640258 0.999526 -0.121179
0.792864 0.609029 0.0212156 80.307 -0.608788 0.793148 -0.0171594 40.7223 -0.0272777 0.000689271 0.999628 -0.127699
0.811692 0.583693 0.0214049 81.7545 -0.5835 0.811974 -0.0149983 39.7038 -0.0261346 -0.00031573 0.999658 -0.143254
0.846642 0.531944 0.0152519 83.1061 -0.531818 0.846778 -0.0116892 38.7744 -0.019133 0.00178538 0.999815 -0.156459
0.893875 0.448086 0.0143625 84.5388 -0.447993 0.893988 -0.00933675 38.0694 -0.0170236 0.00191157 0.999853 -0.155241
0.961893 0.271959 0.0282861 86.4254 -0.271871 0.962308 -0.00699379 37.5589 -0.029122 -0.000962881 0.999575 -0.196545
0.999664 0.0208541 0.0154168 88.378 -0.0206498 0.999698 -0.0132944 37.4002 -0.0156894 0.0129716 0.999793 -0.18536
0.966438 -0.256797 0.00728565 90.295 0.256876 0.966348 -0.0136459 37.8801 -0.00353627 0.0150594 0.99988 -0.2342
0.863425 -0.503757 0.0269591 92.0257 0.504071 0.863642 -0.00600568 38.7871 -0.0202576 0.0187747 0.999618 -0.248345
0.753673 -0.656784 0.0247487 93.5182 0.65677 0.754027 0.0098304 39.9625 -0.0251176 0.0088453 0.999645 -0.24233
0.70849 -0.705211 0.0268293 94.6079 0.705327 0.708853 0.00644914 40.9706 -0.023566 0.0143543 0.999619 -0.281884
0.685506 -0.727866 0.0171108 95.6525 0.727699 0.685718 0.0156613 42.2045 -0.0231325 0.00171563 0.999731 -0.365536
0.683325 -0.730086 0.00637275 96.6759 0.73001 0.683349 0.0109526 43.4376 -0.0123512 -0.00283204 0.99992 -0.370086
0.692655 -0.721265 -0.00257229 97.841 0.721262 0.692627 0.00701766 44.6952 -0.00327995 -0.00671611 0.999972 -0.379323
0.701945 -0.712227 0.00252016 99.1734 0.712131 0.701901 0.0142951 46.0496 -0.0119502 -0.00823967 0.999895 -0.33572
0.709285 -0.704797 0.0132743 100.612 0.704747 0.709403 0.00887974 47.4664 -0.0156752 0.00305677 0.999872 -0.37614
0.706633 -0.707579 0.00131264 102.064 0.70758 0.706633 6.88527e-06 48.909 -0.000932425 0.000923924 0.999999 -0.391364
0.703606 -0.710567 0.00585799 103.064 0.710525 0.703629 0.0077788 49.9582 -0.00964921 -0.00131096 0.999953 -0.372001
0.700709 -0.713299 0.0145445 104.091 0.713299 0.700833 0.00605469 51.0388 -0.0145121 0.00613202 0.999876 -0.363036
0.69714 -0.71693 0.00272843 105.144 0.716914 0.697144 0.0049069 52.1453 -0.00542001 -0.00146475 0.999984 -0.367345
0.690415 -0.723413 0.00056983 106.279 0.723408 0.690413 0.00330052 53.276 -0.00278106 -0.00186652 0.999994 -0.413842
0.686655 -0.726954 0.0065728 107.394 0.726954 0.68668 0.00290598 54.5161 -0.00662593 0.00278271 0.999974 -0.389363
0.68469 -0.72867 0.0154751 108.521 0.728778 0.684746 -0.00215427 55.6979 -0.00902679 0.0127529 0.999878 -0.378853
0.684189 -0.729127 0.0161267 109.637 0.729217 0.684282 0.000376315 56.8638 -0.0113096 0.0115024 0.99987 -0.393717
0.685913 -0.727646 0.00738558 110.77 0.727647 0.685945 0.00301977 58.1297 -0.00726342 0.00330279 0.999968 -0.412734
0.689458 -0.724325 -0.00144214 111.873 0.724275 0.689384 0.0132137 59.4034 -0.00857685 -0.0101548 0.999912 -0.417496
0.692758 -0.721169 -0.00156644 113.092 0.721146 0.692715 0.0096849 60.6971 -0.00589935 -0.00783893 0.999952 -0.406061
0.693975 -0.719993 0.00308601 114.312 0.719982 0.693982 0.00393499 61.9912 -0.0049748 -0.000508916 0.999988 -0.403648
0.695643 -0.718373 0.00457621 115.579 0.718355 0.695658 0.00505147 63.2731 -0.00681232 -0.000226678 0.999977 -0.405289
0.697073 -0.716971 0.00648163 116.731 0.716811 0.697067 0.0167023 64.5024 -0.0164932 -0.00699659 0.999839 -0.420627
0.699504 -0.714628 -0.000559853 117.892 0.714626 0.699504 -0.00204859 65.7148 0.0018556 0.00103291 0.999998 -0.390122
0.69781 -0.71628 0.00215135 119.088 0.716282 0.697798 -0.00426372 66.9297 0.00155281 0.00451624 0.999989 -0.352691
0.694998 -0.718516 0.0267036 120.289 0.71832 0.695479 0.0180251 68.1875 -0.0315231 0.00665434 0.999481 -0.41905
0.694754 -0.719178 0.0099936 121.426 0.719174 0.694814 0.00469876 69.3867 -0.0103229 0.00392265 0.999939 -0.382279
0.69221 -0.721671 0.00602243 122.555 0.721691 0.692212 -0.00199993 70.5997 -0.00272551 0.0057307 0.99998 -0.395675
0.687241 -0.726399 0.00664411 123.691 0.726423 0.687246 -0.00191679 71.7903 -0.00317379 0.00614373 0.999976 -0.373061
0.680541 -0.73271 0.000735978 124.775 0.73271 0.680541 8.45557e-05 73.01 -0.000562819 0.00048171 1 -0.352194
0.677689 -0.735342 -0.00325696 125.903 0.735342 0.677657 0.00725613 74.2118 -0.00312863 -0.00731238 0.999968 -0.334472
0.675275 -0.737566 0.000441296 127.04 0.737532 0.67525 0.0091381 75.4417 -0.00703793 -0.00584526 0.999958 -0.327526
0.670603 -0.741815 0.00136518 128.13 0.741816 0.670603 -0.0003906 76.6611 -0.000625744 0.00127465 0.999999 -0.300238
0.660712 -0.750636 0.00241591 129.17 0.750634 0.660716 0.00184362 77.874 -0.00298012 0.000595355 0.999995 -0.312587
0.652975 -0.757272 0.0127625 130.237 0.757157 0.653099 0.0131995 79.1094 -0.0183308 0.0010442 0.999831 -0.36315
0.645826 -0.763376 0.0128962 131.29 0.763264 0.645953 0.0131383 80.3811 -0.0183598 0.00135812 0.999831 -0.319194
0.635836 -0.771779 0.00835068 132.305 0.77182 0.63583 -0.0036651 81.6235 -0.00248097 0.00877562 0.999958 -0.282856
0.624902 -0.780677 0.00647391 133.332 0.780682 0.624924 0.00225043 82.8979 -0.00580257 0.00364776 0.999977 -0.3266
0.611883 -0.790947 0.00137227 134.3 0.790948 0.611883 -0.000336462 84.2129 -0.000573543 0.00129127 0.999999 -0.282206
0.598178 -0.801363 -0.00048361 135.311 0.80136 0.598178 -0.00219226 85.5635 0.00204608 0.000923814 0.999997 -0.288463
0.585366 -0.810767 0.00208734 136.278 0.810707 0.585351 0.0108346 86.9261 -0.0100062 -0.00464998 0.999939 -0.299979
0.573484 -0.819213 0.00247095 137.228 0.819103 0.573452 0.014943 88.3158 -0.0136585 -0.00654562 0.999885 -0.280347
0.566257 -0.824224 -0.00278042 138.17 0.824179 0.566183 0.0128664 89.7411 -0.0090306 -0.00957727 0.999913 -0.232026
0.560804 -0.827835 -0.0137434 139.08 0.827946 0.560763 0.00699601 91.1007 0.00191526 -0.0153022 0.999881 -0.276928
0.554773 -0.831944 -0.0098651 139.992 0.831909 0.554495 0.0215141 92.531 -0.0124283 -0.0201423 0.99972 -0.267693
0.548759 -0.835965 -0.00518955 140.881 0.835831 0.548533 0.0223272 93.938 -0.0158181 -0.0165898 0.999737 -0.269047
0.538463 -0.842647 -0.00201917 141.763 0.842639 0.538443 0.00627596 95.2765 -0.00420121 -0.00508081 0.999978 -0.246933
0.52634 -0.850257 -0.00535283 142.616 0.850215 0.526219 0.0151096 96.6809 -0.0100303 -0.0125038 0.999872 -0.261049
0.515102 -0.857111 0.00559371 143.528 0.856987 0.515125 0.0148157 98.1474 -0.0155802 -0.00283788 0.999875 -0.275814
0.505161 -0.862811 0.0192199 144.409 0.862938 0.505301 0.00293896 99.5737 -0.0122476 0.0151009 0.999811 -0.23454
0.494147 -0.868922 0.028179 145.313 0.869368 0.493724 -0.0208596 101.002 0.00421274 0.0348057 0.999385 -0.228621
0.483423 -0.875068 0.0236095 146.07 0.875308 0.483566 0.000379069 102.481 -0.0117485 0.0204824 0.999721 -0.255908
0.475708 -0.879254 0.0247771 146.894 0.879422 0.475993 0.00688608 104.031 -0.0178483 0.0185138 0.999669 -0.269399
0.472477 -0.88124 0.0135078 147.639 0.881337 0.472475 -0.00352623 105.547 -0.00327465 0.013571 0.999903 -0.277737
0.46786 -0.88363 0.0174594 148.411 0.883798 0.467704 -0.0123902 107.06 0.00278248 0.0212274 0.999771 -0.200801
0.466785 -0.884086 0.0224366 149.206 0.884303 0.466913 0.000528404 108.64 -0.0109431 0.0195941 0.999748 -0.239944
0.46384 -0.885649 0.0218603 149.971 0.885891 0.463881 -0.00347893 110.114 -0.00705947 0.0209795 0.999755 -0.238239
0.460039 -0.887457 0.0280003 150.787 0.887822 0.459355 -0.0276787 111.638 0.0117016 0.0375925 0.999225 -0.18672
0.458036 -0.888569 0.0254692 151.558 0.888931 0.457915 -0.0107531 113.166 -0.0021079 0.0275657 0.999618 -0.215191
0.455065 -0.889992 0.028817 152.33 0.890437 0.455038 -0.00786497 114.722 -0.0061131 0.0292388 0.999554 -0.183447
0.454966 -0.890215 0.0228726 153.05 0.890509 0.454833 -0.0109906 116.213 -0.000619223 0.0253686 0.999678 -0.198892
0.454131 -0.890658 0.0222381 153.818 0.890928 0.454088 -0.00720636 117.773 -0.00367967 0.0230852 0.999727 -0.170654
0.453226 -0.891082 0.0236407 154.514 0.891369 0.453259 -0.00426001 119.226 -0.00691936 0.0230034 0.999711 -0.153464
0.45141 -0.892127 0.0183892 155.261 0.892317 0.451298 -0.0100358 120.741 0.000654174 0.0209392 0.999781 -0.145025
0.44822 -0.893781 0.0159568 156.007 0.893897 0.448271 -0.00038875 122.244 -0.00680551 0.014438 0.999873 -0.145449
0.445342 -0.894545 0.0382011 156.67 0.895191 0.445682 0.000434098 123.542 -0.0174139 0.034004 0.99927 -0.103415
0.445452 -0.894956 0.0250386 157.311 0.895277 0.445489 -0.00438357 124.926 -0.00723132 0.0243691 0.999677 -0.121474
0.44932 -0.892847 0.030581 158.207 0.893355 0.448848 -0.0212508 126.893 0.00524747 0.0368682 0.999306 -0.0554483
0.463032 -0.885569 0.036989 159.16 0.886311 0.46296 -0.010998 128.717 -0.00738491 0.0378762 0.999255 -0.0294981
0.480403 -0.876442 0.0326083 160.053 0.877039 0.480235 -0.0132986 130.493 -0.0040042 0.0349874 0.99938 -0.016997
0.500046 -0.86569 0.0231097 160.977 0.865959 0.499588 -0.0229789 132.307 0.00834731 0.0315026 0.999469 0.0358549
0.513379 -0.85738 0.0366214 161.982 0.858154 0.513089 -0.01763 133.888 -0.00367441 0.0404777 0.999174 0.0648803
0.516131 -0.855535 0.0408462 162.961 0.856477 0.515943 -0.0158291 135.544 -0.00753192 0.0431537 0.99904 0.0605844
0.515141 -0.856456 0.0333486 163.912 0.857061 0.515121 -0.00984569 137.229 -0.00874619 0.0336537 0.999395 0.0503962
0.509913 -0.859885 0.0242247 164.944 0.860151 0.509295 -0.0275357 138.883 0.01134 0.0348777 0.999327 0.0750418
0.498233 -0.866395 0.0335277 165.966 0.866906 0.498469 -0.00150399 140.719 -0.0154095 0.0298147 0.999437 0.0508054
0.489946 -0.87087 0.0392196 166.976 0.871535 0.490333 0.000267124 142.486 -0.0194633 0.0340504 0.999231 0.0380452
0.484849 -0.873617 0.0414153 167.704 0.874576 0.484627 -0.0159277 143.743 -0.00615629 0.0439434 0.999015 0.0766737
0.482708 -0.873959 0.0564697 168.483 0.875699 0.482544 -0.0174084 144.965 -0.0120349 0.0578536 0.998253 0.0607955
0.479691 -0.875053 0.0646485 169.449 0.87739 0.479128 -0.0249698 146.811 -0.00912501 0.0686997 0.997596 0.0292343
0.477838 -0.875073 0.0769305 170.501 0.878336 0.477343 -0.0258929 148.664 -0.014064 0.0799434 0.9967 0.0235374
0.476722 -0.87525 0.0816912 171.466 0.879 0.475659 -0.0332792 150.464 -0.00972949 0.0876716 0.996102 0.0355343
0.477549 -0.875513 0.0736498 172.423 0.878601 0.475628 -0.0428699 152.248 0.00250329 0.0851813 0.996362 0.0364678
0.476406 -0.875439 0.0815111 173.382 0.879112 0.475781 -0.0281887 153.98 -0.0141039 0.0850867 0.996274 0.0483285
0.469951 -0.878082 0.0900993 174.238 0.882491 0.46957 -0.0267107 155.58 -0.0188538 0.0920645 0.995575 0.0457822
0.442855 -0.891335 0.0969636 174.996 0.896534 0.441473 -0.0364511 157.037 -0.0103167 0.103074 0.99462 0.0277576
0.385427 -0.917385 0.099249 175.586 0.922728 0.383688 -0.036827 158.469 -0.00429609 0.105774 0.994381 0.0237569
0.262628 -0.959866 0.0984097 176.096 0.964845 0.260182 -0.0371515 160.27 0.010056 0.104707 0.994452 0.0591992
0.0175097 -0.998595 0.0500236 176.184 0.999275 0.0157868 -0.0346315 162.566 0.0337931 0.0505938 0.998147 0.134978
-0.216171 -0.976195 0.0177235 175.773 0.976001 -0.216546 -0.0230292 164.31 0.0263189 0.0123199 0.999578 0.194565
-0.432189 -0.901778 -0.00303467 174.977 0.901751 -0.432143 -0.00986506 165.94 0.00758469 -0.00700009 0.999947 0.279251
-0.630675 -0.775803 0.0194656 173.978 0.775695 -0.630946 -0.0142724 167.279 0.0233543 0.00609815 0.999709 0.335198
-0.771598 -0.635843 0.0184681 172.532 0.635537 -0.77181 -0.020078 168.483 0.0270203 -0.00375499 0.999628 0.360878
-0.834545 -0.550526 0.0213584 171.329 0.550052 -0.834773 -0.0244291 169.301 0.0312783 -0.00863896 0.999473 0.414965
-0.871063 -0.490657 0.0224492 169.892 0.489842 -0.871159 -0.0337206 170.085 0.036102 -0.0183762 0.999179 0.455169
-0.885772 -0.463452 0.0248844 168.369 0.462261 -0.88575 -0.0419768 170.743 0.0414957 -0.0256788 0.998809 0.534118
-0.890059 -0.455157 0.0250539 166.744 0.453965 -0.890034 -0.0418784 171.562 0.0413601 -0.0259007 0.998809 0.635518
-0.888686 -0.457773 0.0261123 164.908 0.456524 -0.888691 -0.0426035 172.468 0.0427085 -0.0259402 0.998751 0.725513
-0.887807 -0.459142 0.0314285 163.604 0.457797 -0.888071 -0.0418482 173.111 0.047125 -0.0227652 0.99863 0.803025
-0.886639 -0.461399 0.031334 162.189 0.459998 -0.886873 -0.0431104 173.821 0.0476804 -0.0238098 0.998579 0.872612
-0.885258 -0.463986 0.0321874 160.743 0.462669 -0.885585 -0.0409539 174.576 0.0475068 -0.0213627 0.998643 0.962844
-0.884106 -0.466114 0.0330877 159.208 0.464898 -0.884529 -0.0384547 175.393 0.0471913 -0.0186156 0.998712 1.03132
-0.883503 -0.467543 0.0287403 157.665 0.46646 -0.883753 -0.0373462 176.193 0.0428603 -0.0195892 0.998889 1.11583
-0.883116 -0.468462 0.0254939 156.04 0.46759 -0.883304 -0.0336621 177.014 0.0382883 -0.0178069 0.999108 1.1884
-0.883844 -0.466784 0.0305313 154.488 0.465742 -0.884202 -0.0356488 177.851 0.0436361 -0.0172883 0.998898 1.30144
-0.885929 -0.462867 0.0297269 152.902 0.461934 -0.886287 -0.0333611 178.667 0.0417883 -0.0158237 0.999001 1.39247
-0.889276 -0.45668 0.0251564 151.308 0.456184 -0.889585 -0.0231374 179.469 0.0329451 -0.00909957 0.999416 1.44134
-0.891967 -0.451317 0.0265947 149.742 0.450937 -0.892349 -0.0192232 180.264 0.0324076 -0.00515393 0.999461 1.52252
-0.894111 -0.446995 0.0275731 148.213 0.446395 -0.894476 -0.0253815 181.047 0.0360089 -0.0103854 0.999298 1.60834
-0.895513 -0.444188 0.0274695 146.641 0.443513 -0.895849 -0.027412 181.791 0.0367846 -0.0123647 0.999247 1.68374
-0.895824 -0.443297 0.0314137 145.068 0.442369 -0.896247 -0.0324279 182.546 0.0425296 -0.0151533 0.99898 1.78423
-0.894615 -0.445802 0.0304049 143.517 0.444618 -0.894882 -0.0387447 183.295 0.0444812 -0.021143 0.998786 1.9093
-0.892885 -0.449155 0.031868 141.965 0.448172 -0.893315 -0.0336124 184.021 0.0435653 -0.0157297 0.998927 1.9992
-0.891532 -0.451769 0.0327834 140.512 0.451023 -0.892079 -0.0278251 184.748 0.0418158 -0.0100209 0.999075 2.07479
-0.890069 -0.454239 0.0379966 138.978 0.453874 -0.890879 -0.0182244 185.564 0.0421286 0.00102466 0.999112 2.16308
-0.888902 -0.456355 0.0399213 137.492 0.456122 -0.889786 -0.0153047 186.27 0.0425058 0.00460457 0.999086 2.27483
-0.889156 -0.456281 0.0347934 135.978 0.456063 -0.889831 -0.0144114 187.037 0.0375359 0.00305398 0.999291 2.38332
-0.890521 -0.453616 0.034705 134.539 0.453487 -0.891183 -0.0119787 187.791 0.0363622 0.00507097 0.999326 2.44069
-0.893422 -0.447553 0.0386485 133.058 0.447291 -0.894251 -0.0156642 188.49 0.0415721 0.00329241 0.99913 2.55788
-0.897446 -0.439386 0.0391366 131.583 0.438954 -0.898299 -0.0194728 189.193 0.0437124 -0.000296625 0.999044 2.64983
-0.902028 -0.430403 0.0331593 130.137 0.429649 -0.902574 -0.0275916 189.859 0.0418042 -0.0106415 0.999069 2.73046
-0.905696 -0.423046 0.0273168 128.669 0.422249 -0.905964 -0.0305798 190.504 0.0376847 -0.0161615 0.999159 2.80508
-0.90805 -0.41821 0.0233551 127.225 0.417164 -0.907978 -0.039385 191.133 0.0376771 -0.0260207 0.998951 2.90295
-0.908988 -0.416237 0.0220617 125.842 0.415062 -0.908741 -0.0437458 191.711 0.0382569 -0.0306075 0.998799 2.94499
-0.909136 -0.416051 0.0193184 124.483 0.414856 -0.908691 -0.0466443 192.323 0.0369608 -0.0343917 0.998725 3.04375
-0.908381 -0.417806 0.0168202 122.551 0.416533 -0.907676 -0.0512339 193.155 0.0366731 -0.0395337 0.998545 3.16405
-0.904766 -0.425599 0.0162072 120.737 0.424358 -0.904064 -0.0508689 193.958 0.0363022 -0.0391468 0.998574 3.25868
-0.900964 -0.433494 0.0186218 119.04 0.432186 -0.900394 -0.050065 194.737 0.0384698 -0.0370587 0.998572 3.37514
-0.896553 -0.442571 0.017975 117.479 0.441295 -0.895986 -0.0496771 195.462 0.038091 -0.0366059 0.998604 3.43718
-0.890549 -0.454533 0.0179717 116.08 0.453271 -0.890019 -0.0491199 196.163 0.0383218 -0.0355976 0.998631 3.51815
-0.881756 -0.471348 0.0183641 114.459 0.470451 -0.881581 -0.0386094 197.022 0.0343879 -0.0254047 0.999086 3.6453
-0.871266 -0.490362 0.0209782 113.062 0.489564 -0.871304 -0.0340104 197.713 0.0349558 -0.0193619 0.999201 3.73407
-0.858656 -0.511986 0.0240988 111.748 0.511305 -0.858896 -0.0293978 198.508 0.0357497 -0.0129207 0.999277 3.82242
-0.848693 -0.527064 0.0438613 110.55 0.525791 -0.849779 -0.037678 199.261 0.0571311 -0.00891519 0.998327 3.88817
-0.807274 -0.588044 0.050137 109.381 0.586549 -0.808816 -0.042158 200.069 0.0653424 -0.00462528 0.997852 3.94551
-0.704383 -0.708341 0.0458022 108.212 0.707795 -0.70578 -0.0299973 201.221 0.0535746 0.011289 0.9985 4.05721
-0.531746 -0.846172 0.035201 107.274 0.846339 -0.53245 -0.0144028 202.456 0.03093 0.0221333 0.999277 4.10071
-0.270863 -0.961542 0.0454932 106.732 0.962323 -0.271646 -0.0119032 204.19 0.0238035 0.040555 0.998894 4.1588
0.041453 -0.99776 0.0525118 106.725 0.999065 0.0407461 -0.0144632 206.325 0.0122911 0.0530623 0.998516 4.18986
0.252331 -0.96597 0.0568339 107.175 0.967636 0.251699 -0.0181382 208.217 0.00321593 0.0595713 0.998219 4.1803
0.365712 -0.928879 0.0586416 107.908 0.930703 0.365438 -0.0157142 209.752 -0.00683325 0.0603248 0.998155 4.15855
0.42866 -0.901255 0.0631754 108.726 0.903363 0.428619 -0.0148897 211.42 -0.0136587 0.0634529 0.997891 4.15494
0.458497 -0.886319 0.0649583 109.628 0.888566 0.458452 -0.0164815 213.168 -0.0151725 0.0652765 0.997752 4.13009
0.471565 -0.879504 0.0640248 110.626 0.881704 0.471485 -0.0173114 215.11 -0.0149613 0.0646144 0.997798 4.09903
0.475044 -0.877662 0.0635827 111.36 0.879787 0.475149 -0.0144261 216.448 -0.01755 0.0627922 0.997872 4.08154
0.475482 -0.877206 0.0665318 112.091 0.879504 0.475696 -0.0136077 217.805 -0.0197122 0.0649853 0.997692 4.05211
0.473154 -0.878413 0.067195 112.837 0.880818 0.473149 -0.0169987 219.251 -0.0168614 0.0672296 0.997595 4.03019
0.47215 -0.879339 0.0619425 113.598 0.881476 0.47165 -0.0233834 220.735 -0.00865327 0.0656413 0.997806 4.01168
0.471854 -0.880144 0.0519693 114.437 0.88159 0.471815 -0.0137863 222.301 -0.012386 0.0523207 0.998554 4.0258
0.471421 -0.879753 0.0616172 115.258 0.88157 0.472023 -0.00530278 223.846 -0.0244196 0.0568197 0.998086 3.98413
0.470058 -0.880338 0.0636405 116.111 0.882438 0.470254 -0.0128026 225.455 -0.0186565 0.0621768 0.997891 3.96905
0.468565 -0.881383 0.0600958 117 0.883389 0.468105 -0.0224016 227.17 -0.00838677 0.0635846 0.997941 3.93979
0.467158 -0.882325 0.0571442 117.904 0.884132 0.466791 -0.0204307 228.856 -0.00864787 0.0600674 0.998157 3.94069
0.466063 -0.882843 0.0580882 118.817 0.884551 0.466349 -0.00934661 230.618 -0.0188378 0.0557381 0.998268 3.91411
0.467022 -0.882144 0.0609218 119.749 0.883972 0.467481 -0.00736964 232.416 -0.0219787 0.057295 0.998115 3.90283
0.466936 -0.882344 0.0586435 120.701 0.884137 0.467065 -0.0123348 234.257 -0.0165068 0.0576084 0.998203 3.88264
0.465681 -0.883043 0.058103 121.656 0.884828 0.465713 -0.0138322 236.092 -0.0148449 0.0578526 0.998215 3.86689
0.462923 -0.884113 0.0636077 122.635 0.886186 0.463191 -0.0113572 237.976 -0.0194215 0.0616258 0.99791 3.82941
0.45992 -0.885343 0.0681278 123.596 0.887848 0.459725 -0.0194443 239.849 -0.0141052 0.06943 0.997487 3.80228
0.457674 -0.887067 0.0603919 124.56 0.889082 0.457226 -0.0218447 241.722 -0.00823501 0.0636911 0.997936 3.81613
0.45424 -0.889199 0.0546898 125.512 0.890789 0.454213 -0.0136324 243.566 -0.0127189 0.0549094 0.99841 3.82886
0.450913 -0.89058 0.059541 126.452 0.892363 0.451233 -0.00872165 245.469 -0.0190995 0.0570649 0.998188 3.7918
0.450036 -0.890526 0.0665656 127.403 0.892781 0.450358 -0.0109459 247.346 -0.0202308 0.0643546 0.997722 3.7815
0.45015 -0.89009 0.0714449 128.337 0.89281 0.450067 -0.0181705 249.238 -0.0159816 0.0719662 0.997279 3.75599
0.4504 -0.890276 0.0674405 129.294 0.892754 0.450043 -0.0212662 251.119 -0.0114183 0.0697861 0.997497 3.7556
0.450634 -0.890264 0.0660276 130.194 0.892588 0.450557 -0.0168937 252.97 -0.0147093 0.0665483 0.997675 3.73266
0.451099 -0.890044 0.0658096 131.13 0.892314 0.451186 -0.0143776 254.826 -0.0168957 0.0652085 0.997729 3.72123
0.451818 -0.889843 0.0635633 132.082 0.891811 0.452363 -0.00636659 256.722 -0.0230884 0.059563 0.997958 3.68103
0.452384 -0.888928 0.0718059 132.97 0.891562 0.452732 -0.0122912 258.511 -0.0215829 0.0695798 0.997343 3.67709
0.45347 -0.888799 0.0663455 133.876 0.891145 0.453401 -0.0169692 260.365 -0.0149989 0.0668185 0.997652 3.64219
0.454357 -0.888713 0.0612311 134.789 0.890725 0.454236 -0.0166821 262.161 -0.0129878 0.0621197 0.997984 3.64171
0.453908 -0.889194 0.0574537 135.729 0.890921 0.453991 -0.0123556 264.046 -0.0150969 0.056795 0.998272 3.66034
0.453464 -0.889189 0.0609432 136.659 0.891098 0.453674 -0.0111396 265.847 -0.0177431 0.0593578 0.998079 3.63968
0.454627 -0.888832 0.0573749 137.581 0.890516 0.45484 -0.0100509 267.696 -0.0171629 0.0556627 0.998302 3.62084
0.456319 -0.887874 0.0587601 138.538 0.889645 0.456529 -0.0105702 269.607 -0.0174407 0.0570991 0.998216 3.60034
0.457119 -0.887198 0.0626172 139.451 0.889219 0.45733 -0.0117634 271.452 -0.0182003 0.0610577 0.997968 3.55116
0.457816 -0.886581 0.0661684 140.435 0.888918 0.457746 -0.0171048 273.399 -0.0151235 0.0666491 0.997662 3.53652
0.458238 -0.886842 0.0594149 141.403 0.888738 0.458124 -0.0163168 275.289 -0.012749 0.0602813 0.9981 3.55104
0.457921 -0.886662 0.0643414 142.393 0.888794 0.458149 -0.0120339 277.223 -0.018808 0.0626969 0.997855 3.50176
0.457989 -0.886256 0.0692592 143.38 0.888669 0.458434 -0.0102664 279.168 -0.0226521 0.0662504 0.997546 3.46576
0.457797 -0.886033 0.0732584 144.39 0.888765 0.458202 -0.0121724 281.068 -0.022782 0.070682 0.997239 3.4654
0.457258 -0.88602 0.0767055 145.35 0.889136 0.457271 -0.0184203 282.986 -0.0187545 0.0766245 0.996884 3.44823
0.456986 -0.886134 0.077008 146.359 0.889245 0.457118 -0.0169367 284.896 -0.0201936 0.0762188 0.996887 3.4502
0.456183 -0.885939 0.0837248 147.33 0.889553 0.456563 -0.0156668 286.762 -0.0243458 0.0816246 0.996366 3.42745
0.455452 -0.885778 0.089221 148.315 0.890052 0.455219 -0.0241251 288.679 -0.0192456 0.0903992 0.99572 3.43588
0.454992 -0.886177 0.0875902 149.253 0.890313 0.454683 -0.0246076 290.517 -0.0180191 0.0891789 0.995853 3.41634
0.452555 -0.887151 0.0903185 150.2 0.891469 0.452574 -0.0214437 292.379 -0.021852 0.0902206 0.995682 3.3998
0.450635 -0.887213 0.0988982 151.1 0.892344 0.450844 -0.0215099 294.157 -0.0255038 0.0979443 0.994865 3.36144
0.448594 -0.887578 0.104737 151.957 0.893423 0.448448 -0.0262683 295.916 -0.023654 0.105358 0.994153 3.35455
0.447276 -0.888188 0.105198 152.823 0.894137 0.446874 -0.0286808 297.652 -0.0215363 0.10689 0.994038 3.31693
0.445729 -0.888914 0.105625 153.679 0.894901 0.445365 -0.0283321 299.389 -0.0218569 0.107153 0.994002 3.3051
0.445017 -0.889448 0.104123 154.504 0.895241 0.444775 -0.0268192 301.047 -0.0224573 0.105151 0.994203 3.27931
0.445641 -0.889299 0.102724 155.309 0.895003 0.445075 -0.0296443 302.662 -0.019357 0.105149 0.994268 3.26631
0.448238 -0.887744 0.104848 156.074 0.893676 0.447731 -0.029656 304.205 -0.0206169 0.106994 0.994046 3.24389
0.450742 -0.885755 0.110767 156.827 0.892385 0.45017 -0.0315489 305.727 -0.0219194 0.113067 0.993346 3.22907
0.453639 -0.883939 0.113419 157.506 0.890842 0.453311 -0.0301604 307.074 -0.024754 0.11472 0.993089 3.22261
0.455897 -0.882486 0.11566 158.194 0.889594 0.455887 -0.0280941 308.432 -0.0279351 0.115698 0.992892 3.18634
0.460181 -0.879828 0.118894 159.139 0.887535 0.459309 -0.0362806 310.227 -0.0226885 0.122218 0.992244 3.18867
0.462406 -0.878943 0.116792 160.006 0.886366 0.461657 -0.0350314 311.918 -0.0231271 0.119719 0.992538 3.16056
0.456994 -0.881565 0.118321 160.754 0.889116 0.456504 -0.0328201 313.368 -0.025081 0.1202 0.992433 3.16577
0.422005 -0.899351 0.114363 161.546 0.906485 0.420532 -0.0379107 315.036 -0.0139982 0.119667 0.992715 3.15221
0.336807 -0.935088 0.110323 162.136 0.941554 0.33524 -0.0330186 316.771 -0.00610942 0.114996 0.993347 3.16953
0.183392 -0.977156 0.107394 162.406 0.98301 0.181435 -0.0277968 318.518 0.00767672 0.110667 0.993828 3.2094
-0.0765672 -0.992504 0.0952572 162.263 0.996884 -0.0780205 -0.0116218 320.703 0.0189667 0.0940705 0.995385 3.25323
-0.316928 -0.943244 0.0992392 161.728 0.947969 -0.318359 0.00148981 322.562 0.0301884 0.0945479 0.995063 3.36006
-0.4981 -0.859649 0.113578 161.004 0.865665 -0.500564 0.00773892 323.878 0.0502004 0.102176 0.993499 3.44817
-0.666699 -0.735721 0.119278 159.972 0.740962 -0.671547 -0.000608939 325.04 0.0805486 0.0879743 0.992861 3.52801
-0.799704 -0.590059 0.110926 158.679 0.594494 -0.804051 0.00885131 325.973 0.083967 0.0730231 0.993789 3.73853
-0.876936 -0.472868 0.0859082 157.197 0.473753 -0.880588 -0.0110653 326.759 0.0808822 0.0309957 0.996242 3.85633
-0.908356 -0.411801 0.0728634 155.536 0.411827 -0.911132 -0.0153639 327.496 0.0727151 0.0160512 0.997224 4.03222
-0.915 -0.394044 0.0866299 153.854 0.392832 -0.919076 -0.031349 328.172 0.0919723 0.00534666 0.995747 4.12582
-0.913044 -0.396709 0.0947234 151.934 0.396039 -0.917849 -0.0265796 328.953 0.0974862 0.0132458 0.995149 4.40862
-0.912163 -0.400323 0.0877503 150.048 0.399248 -0.916344 -0.0302403 329.758 0.0925154 0.00745008 0.995683 4.57995
-0.908804 -0.407801 0.08817 148.683 0.406296 -0.913063 -0.0352093 330.324 0.0948631 0.00382481 0.995483 4.74581
-0.905401 -0.416019 0.0847159 147.275 0.414202 -0.909356 -0.0388382 330.882 0.0931944 -7.4625e-05 0.995648 4.89413
-0.902541 -0.42333 0.0788143 145.785 0.421516 -0.905973 -0.0392107 331.6 0.0880027 -0.00216773 0.996118 5.04594
-0.899774 -0.42845 0.0826893 144.293 0.426704 -0.903565 -0.0386362 332.262 0.0912689 0.000520065 0.995826 5.1967
-0.897302 -0.434189 0.0795525 142.73 0.432647 -0.90082 -0.0366013 332.996 0.0875544 0.00157574 0.996159 5.35688
-0.895361 -0.439862 0.0696449 141.096 0.438289 -0.898061 -0.037269 333.785 0.0789386 -0.00284458 0.996875 5.51486
-0.893302 -0.44403 0.0696398 139.511 0.442723 -0.896012 -0.034048 334.555 0.0775164 0.000415983 0.996991 5.65383
-0.891357 -0.447306 0.0734819 137.861 0.445644 -0.894379 -0.0385545 335.362 0.0829664 -0.00161901 0.996551 5.8372
-0.891203 -0.44748 0.07429 136.203 0.445888 -0.894294 -0.0377211 336.205 0.0833165 -0.000492183 0.996523 5.99415
-0.892415 -0.445411 0.0721403 134.499 0.443761 -0.895324 -0.038363 337.016 0.0816762 -0.00222268 0.996656 6.1831
-0.893758 -0.443095 0.0697398 132.821 0.441426 -0.896467 -0.0386043 337.87 0.0796248 -0.00371795 0.996818 6.33834
-0.894631 -0.441599 0.0680176 131.217 0.439664 -0.89718 -0.0419922 338.644 0.0795678 -0.00766261 0.9968 6.51381
-0.89581 -0.438675 0.0713405 129.531 0.436907 -0.898636 -0.0395776 339.44 0.0814708 -0.00428482 0.996666 6.71763
-0.898681 -0.433406 0.0673226 127.928 0.431175 -0.901121 -0.0454934 340.204 0.0803829 -0.0118562 0.996694 6.87369
-0.902376 -0.426182 0.0639225 126.233 0.424312 -0.904582 -0.0411151 340.995 0.0753457 -0.00997826 0.997108 7.04224
-0.904802 -0.420941 0.0643568 124.567 0.418807 -0.906993 -0.0443242 341.718 0.077029 -0.0131515 0.996942 7.15294
-0.906369 -0.416287 0.0721159 122.958 0.414085 -0.909179 -0.0438966 342.446 0.0838398 -0.00992437 0.99643 7.37342
-0.907226 -0.415189 0.0675157 121.295 0.412945 -0.909643 -0.0450159 343.191 0.0801053 -0.0129593 0.996702 7.5336
-0.906454 -0.41649 0.0698369 119.637 0.414401 -0.909086 -0.0428159 343.945 0.0813202 -0.00987009 0.996639 7.6982
-0.903551 -0.422827 0.0693744 118.014 0.420266 -0.906087 -0.0488096 344.677 0.0834973 -0.0149462 0.996396 7.86317
-0.899861 -0.431334 0.0648104 116.398 0.42876 -0.902026 -0.050147 345.406 0.0800908 -0.0173372 0.996637 8.05186
-0.895706 -0.440121 0.0632837 114.724 0.437767 -0.897809 -0.047955 346.174 0.0779226 -0.01525 0.996843 8.21224
-0.891234 -0.448729 0.0659057 113.105 0.446536 -0.893596 -0.0457442 346.957 0.0794198 -0.0113395 0.996777 8.37062
-0.886399 -0.458071 0.0668423 111.58 0.455791 -0.888845 -0.0470079 347.715 0.0809454 -0.0112016 0.996656 8.53382
-0.881534 -0.467183 0.0681082 110.049 0.464885 -0.884103 -0.0473665 348.535 0.0823435 -0.0100927 0.996553 8.70065
-0.877451 -0.475084 0.0661448 108.485 0.472998 -0.8799 -0.0452686 349.34 0.0797073 -0.00843464 0.996783 8.83624
-0.874308 -0.481152 0.0638692 106.954 0.479304 -0.876612 -0.0426507 350.12 0.07651 -0.00667706 0.997046 8.98686
-0.871506 -0.48575 0.067261 105.491 0.484314 -0.874098 -0.0373271 350.972 0.0769243 4.46772e-05 0.997037 9.14505
-0.870263 -0.48753 0.0704098 104.109 0.486179 -0.873103 -0.0363523 351.734 0.0791978 0.00259579 0.996856 9.30106
-0.870107 -0.487355 0.0734839 102.747 0.486225 -0.873181 -0.0337709 352.488 0.0806232 0.00634545 0.996724 9.46507
-0.871748 -0.483926 0.0766265 101.502 0.482992 -0.875057 -0.0315145 353.189 0.0823033 0.00953733 0.996562 9.58604
-0.878167 -0.472371 0.0754187 99.756 0.47195 -0.881286 -0.0244424 354.135 0.0780114 0.0141293 0.996852 9.79491
-0.886454 -0.455725 0.0807065 98.1462 0.455614 -0.889933 -0.0208564 354.976 0.0813281 0.0182828 0.99652 9.96825
-0.896794 -0.435483 0.0782042 96.5116 0.434968 -0.900115 -0.0243993 355.714 0.0810182 0.0121352 0.996639 10.1212
-0.904666 -0.417603 0.0847715 94.88 0.41676 -0.908577 -0.0282678 356.449 0.0888262 0.00975639 0.995999 10.3195
-0.911479 -0.401755 0.0883127 93.26 0.400368 -0.915736 -0.0336743 357.177 0.0943999 0.0046642 0.995523 10.4791
-0.916942 -0.388821 0.089643 91.5917 0.387241 -0.92131 -0.0351107 357.884 0.0962408 0.00251897 0.995355 10.6898
-0.920169 -0.38106 0.0899033 89.8587 0.378634 -0.924532 -0.0433265 358.545 0.0996285 -0.00582723 0.995008 10.8662
-0.920987 -0.378894 0.0906728 88.049 0.376504 -0.925425 -0.04282 359.267 0.100135 -0.00529797 0.99496 11.0883
-0.921962 -0.380243 0.0735 86.1547 0.378182 -0.924835 -0.0407202 360.007 0.0834589 -0.00974615 0.996464 11.2694
-0.921312 -0.384635 0.0569297 84.81 0.382943 -0.922967 -0.0385545 360.557 0.0673736 -0.0137199 0.997634 11.3855
-0.917069 -0.392218 0.0717638 83.4668 0.389293 -0.919669 -0.0515822 361.094 0.0862303 -0.0193673 0.996087 11.5173
-0.913956 -0.399834 0.0694022 82.04 0.396942 -0.91637 -0.0519864 361.744 0.084384 -0.0199646 0.996233 11.6619
-0.912185 -0.406338 0.0529898 80.5035 0.404676 -0.913606 -0.0395108 362.37 0.0644666 -0.0145975 0.997813 11.7858
-0.907952 -0.41295 0.0713804 79.0398 0.410392 -0.91064 -0.0480843 363.013 0.0848583 -0.0143643 0.996289 11.9027
-0.904075 -0.420902 0.0741004 77.494 0.417224 -0.906798 -0.0603473 363.698 0.0925944 -0.023642 0.995423 12.0748
-0.89941 -0.432874 0.0606753 75.8151 0.429718 -0.901062 -0.0585598 364.435 0.0800213 -0.026596 0.996438 12.2127
-0.891719 -0.445443 0.0801107 74.1591 0.441202 -0.895013 -0.0655182 365.236 0.100885 -0.0230788 0.99463 12.4003
-0.884984 -0.457867 0.0846239 72.4922 0.453744 -0.888835 -0.0639513 366.088 0.104498 -0.0181984 0.994359 12.6257
-0.880198 -0.4694 0.0701151 70.7653 0.467021 -0.882933 -0.0481698 367.024 0.0845178 -0.00965371 0.996375 12.809
-0.875821 -0.476956 0.0738296 69.0144 0.474841 -0.878916 -0.0450867 367.943 0.0863944 -0.00443057 0.996251 12.9695
-0.874551 -0.478482 0.0788454 67.2429 0.476801 -0.878094 -0.0401417 368.898 0.0884407 0.00248757 0.996078 13.1793
-0.874802 -0.478256 0.0774123 65.4906 0.476669 -0.878216 -0.0390174 369.848 0.086645 0.00276758 0.996235 13.3678
-0.877349 -0.474407 0.0720884 63.7314 0.4732 -0.880296 -0.0340723 370.812 0.0796233 0.00421894 0.996816 13.5524
-0.880236 -0.467965 0.078698 61.9264 0.466725 -0.883725 -0.0346086 371.741 0.085743 0.00626662 0.996298 13.7282
-0.883252 -0.460514 0.0882777 60.176 0.459285 -0.8876 -0.0349758 372.62 0.0944622 0.00965219 0.995482 13.93
-0.886943 -0.454903 0.0799679 58.4105 0.45415 -0.890472 -0.0284191 373.529 0.0841371 0.0111113 0.996392 14.1264
-0.888989 -0.450414 0.0826146 56.6198 0.450075 -0.892675 -0.0237448 374.397 0.0844429 0.0160739 0.996299 14.3113
-0.890599 -0.446774 0.0850145 54.8629 0.445598 -0.89461 -0.0333971 375.227 0.0909758 0.00813887 0.99582 14.5018
-0.892446 -0.443164 0.0845325 53.1168 0.442021 -0.896404 -0.0328152 376.105 0.0903178 0.00807933 0.99588 14.7071
-0.896059 -0.436893 0.07876 51.3727 0.436422 -0.899422 -0.0240219 376.944 0.0813334 0.0128476 0.996604 14.9116
-0.899626 -0.429868 0.0767202 49.5909 0.429857 -0.902727 -0.0174951 377.774 0.076778 0.0172397 0.996899 15.0833
-0.901257 -0.424766 0.0854984 47.8372 0.42437 -0.90518 -0.0236676 378.572 0.0874446 0.0149523 0.996057 15.265
-0.903039 -0.421654 0.0820323 46.1015 0.421265 -0.90665 -0.0228493 379.369 0.0840091 0.0139235 0.996368 15.476
-0.904856 -0.418394 0.0786325 44.3729 0.418494 -0.908079 -0.015997 380.149 0.0780976 0.0184323 0.996775 15.6655
