0.480565 -0.87665 0.0232865 0.687383 0.876925 0.48061 -0.00401009 0.55236 -0.0076763 0.0223477 0.999721 0.786151
0.477284 -0.878556 0.0184031 1.48391 0.878745 0.477243 -0.00686302 2.09038 -0.00275319 0.0194472 0.999807 0.792309
0.474329 -0.880248 0.0132121 2.29064 0.880347 0.474292 -0.00604466 3.66802 -0.00094558 0.0144984 0.999894 0.801038
0.471519 -0.881732 0.0147828 3.11849 0.881847 0.471523 -0.00340714 5.27388 -0.00396623 0.0146427 0.999885 0.810343
0.468958 -0.883093 0.0150211 3.95423 0.883212 0.468959 -0.0036732 6.89847 -0.0038005 0.0149894 0.99988 0.814863
0.467262 -0.883958 0.016851 4.80065 0.88411 0.467258 -0.00440531 8.53862 -0.00397967 0.0169566 0.999848 0.819431
0.467689 -0.8837 0.0184801 5.65577 0.883817 0.467821 0.00335548 10.2054 -0.0116106 0.0147637 0.999824 0.829594
0.470097 -0.882356 0.021373 6.52613 0.882479 0.470312 0.00615442 11.8824 -0.0154824 0.015968 0.999753 0.826578
0.472197 -0.881337 0.0166164 7.40325 0.881456 0.472266 0.000316469 13.5698 -0.0081263 0.0144972 0.999862 0.818354
0.474016 -0.880337 0.0177972 8.29934 0.8805 0.474035 -0.00340212 15.2772 -0.00544148 0.0172831 0.999836 0.817318
0.472828 -0.880752 0.026643 9.21115 0.881039 0.47304 0.00194494 17.0091 -0.0143162 0.0225539 0.999643 0.816696
0.470705 -0.881635 0.0340171 10.132 0.882231 0.470771 -0.00652687 18.7391 -0.01026 0.0330832 0.9994 0.804012
0.467851 -0.883298 0.0300035 11.048 0.883797 0.467738 -0.0111058 20.5114 -0.004224 0.0317128 0.999488 0.810378
0.465798 -0.884386 0.0298722 12.0047 0.884841 0.465865 -0.00510241 22.3858 -0.0094039 0.0288088 0.999541 0.869326
0.463646 -0.885495 0.0305236 12.95 0.885931 0.463814 -0.00173826 24.2393 -0.0126181 0.0278478 0.999533 0.907744
0.462932 -0.885929 0.0286987 13.8775 0.886209 0.463255 0.00543462 26.0824 -0.0181095 0.0229172 0.999573 0.926075
0.46288 -0.885992 0.0275842 14.794 0.886261 0.463164 0.00460866 27.9021 -0.0168592 0.0223135 0.999609 0.927813
0.462366 -0.886363 0.0240424 15.6975 0.886582 0.462561 0.00300532 29.6981 -0.0137849 0.019926 0.999706 0.937362
0.460352 -0.88733 0.0268639 16.6016 0.887589 0.460616 0.00431695 31.4815 -0.0162045 0.0218567 0.99963 0.948389
0.459651 -0.887864 0.0204658 17.4779 0.888053 0.45974 -0.000399461 33.2451 -0.00905427 0.0183583 0.99979 0.955971
0.458886 -0.888239 0.0213241 18.3627 0.888428 0.459015 0.00132014 35.0022 -0.0109607 0.0183392 0.999772 0.967194
0.458249 -0.888417 0.0268982 19.2429 0.888697 0.458485 0.00300996 36.7438 -0.0150065 0.022525 0.999634 0.973709
0.457725 -0.888543 0.0313008 20.1201 0.889006 0.45789 -0.00209638 38.4633 -0.0124696 0.0287862 0.999508 0.971766
0.455556 -0.889412 0.0376093 20.9914 0.890038 0.455886 0.000222035 40.1799 -0.017343 0.0333726 0.999292 0.967441
0.454281 -0.889879 0.0417669 21.8435 0.890507 0.45492 0.00677397 41.8982 -0.0250286 0.0341164 0.999104 0.951163
0.45201 -0.891361 0.0341054 22.6794 0.891895 0.452241 -0.00105802 43.5713 -0.0144808 0.0308967 0.999418 0.938101
0.450045 -0.892619 0.0263001 23.4928 0.892959 0.450128 -0.00301713 45.2123 -0.00914528 0.0248428 0.99965 0.938926
0.447878 -0.893798 0.0230344 24.282 0.893989 0.448072 0.00382902 46.8175 -0.0137435 0.0188776 0.999727 0.954812
0.445318 -0.895111 0.0216298 25.0441 0.89527 0.445503 0.00440796 48.3706 -0.0135817 0.0174016 0.999756 0.960047
0.442482 -0.896523 0.0213889 25.7802 0.89665 0.442695 0.00631708 49.8785 -0.0151322 0.0163832 0.999751 0.968374
0.439833 -0.897828 0.0212625 26.4907 0.897899 0.440096 0.009632 51.3425 -0.0180054 0.0148552 0.999728 0.971254
0.436914 -0.899266 0.020642 27.1766 0.89917 0.437262 0.0171682 52.7639 -0.0244647 0.0110597 0.99964 0.974706
0.434618 -0.900536 0.0119226 27.8157 0.90051 0.434731 0.00955262 54.1105 -0.0137856 0.00658466 0.999883 0.982915
0.432221 -0.901735 0.00770757 28.7087 0.901725 0.432268 0.00607215 56.006 -0.00880721 0.00432559 0.999952 1.00145
0.42986 -0.902785 0.0141517 29.5381 0.902884 0.42988 -0.00172662 57.7261 -0.00452479 0.0135196 0.999898 1.04014
0.436694 -0.899553 0.0101459 30.2913 0.899609 0.436682 -0.00348129 59.3102 -0.00129891 0.0106476 0.999942 1.07885
0.452154 -0.891609 0.0243031 31.0384 0.891845 0.452336 0.00226452 60.763 -0.0130122 0.0206507 0.999702 1.114
0.489774 -0.871752 0.0130602 31.7353 0.871736 0.489897 0.00877715 62.0969 -0.0140496 0.00708621 0.999876 1.13385
0.580416 -0.81404 0.0213811 32.7621 0.814039 0.580705 0.0110241 63.6225 -0.0213902 0.0110065 0.999711 1.14585
0.710393 -0.703498 0.0208086 33.9386 0.703373 0.710682 0.0140418 64.8801 -0.0246667 0.004661 0.999685 1.14387
0.854501 -0.519177 0.0168189 35.2777 0.519048 0.854666 0.0116326 65.7518 -0.020414 -0.00121026 0.999791 1.12626
0.973808 -0.226135 0.0236832 37.1105 0.225932 0.974082 0.010957 66.2537 -0.0255472 -0.00531921 0.999659 1.1024
0.995 0.0975045 0.0216142 39.3629 -0.097623 0.995213 0.00449212 66.1164 -0.0210727 -0.0065797 0.999756 1.05982
0.962809 0.269513 0.0190298 41.2351 -0.269661 0.962939 0.00564699 65.6101 -0.0168026 -0.0105686 0.999803 1.03526
0.934693 0.35543 -0.00438652 42.7785 -0.355446 0.93469 -0.00358807 64.9785 0.00282473 0.00491292 0.999984 0.99185
0.910944 0.412478 0.00659334 44.4871 -0.412463 0.910967 -0.00353964 64.1908 -0.00746634 0.000504901 0.999972 1.00008
0.897647 0.44071 0.00223751 45.8502 -0.440661 0.897604 -0.01123 63.4668 -0.00695757 0.00909459 0.999934 0.994282
0.889428 0.457074 -0.00139389 47.3387 -0.457051 0.889345 -0.0130421 62.6585 -0.00472156 0.0122371 0.999914 0.978197
0.883972 0.467527 -0.00332678 48.9622 -0.467509 0.883812 -0.0176289 61.7453 -0.00530173 0.0171387 0.999839 0.961904
0.881821 0.47153 -0.00713158 50.7051 -0.471541 0.881437 -0.0267935 60.73 -0.00634791 0.02699 0.999616 0.941576
0.884037 0.467319 -0.00953923 51.9468 -0.467379 0.883523 -0.03073 60.0211 -0.0059326 0.0316249 0.999482 0.927557
0.88752 0.460681 -0.00907652 53.2578 -0.46071 0.886911 -0.0336883 59.2938 -0.00746949 0.0340807 0.999391 0.918842
0.891152 0.45368 -0.00465068 54.637 -0.453572 0.8906 -0.0332324 58.5608 -0.010935 0.0317246 0.999437 0.912552
0.894754 0.446551 -0.0026992 56.0579 -0.44642 0.894306 -0.0304281 57.8258 -0.0111738 0.0284306 0.999533 0.903464
0.896887 0.4422 -0.0073302 57.5032 -0.442255 0.896671 -0.0197674 57.0987 -0.00216837 0.020971 0.999778 0.901565
0.896771 0.442427 -0.0077292 58.9636 -0.442494 0.896664 -0.0138651 56.3594 0.000796215 0.0158539 0.999874 0.908318
0.896665 0.442693 -0.00372975 60.427 -0.442701 0.896569 -0.013429 55.6146 -0.00260096 0.0136925 0.999903 0.928281
0.8966 0.442841 -0.000802179 61.8848 -0.442823 0.896545 -0.0106759 54.8661 -0.00400853 0.00992723 0.999943 0.950379
0.896104 0.443845 0.000117462 63.3369 -0.443839 0.896093 -0.00494368 54.1268 -0.00229949 0.00437792 0.999988 0.967534
0.893168 0.449705 0.00407367 64.7853 -0.449707 0.893176 -0.000547683 53.3842 -0.0038848 -0.00134278 0.999992 0.985684
0.888063 0.459598 0.0106591 66.2264 -0.459634 0.888108 0.00111529 52.6255 -0.00895388 -0.00588975 0.999943 1.00518
0.880521 0.473882 0.0108824 67.6391 -0.473936 0.880555 0.0028671 51.8463 -0.00822384 -0.00768208 0.999937 1.01771
0.87068 0.491739 0.010435 69.0233 -0.491781 0.870717 0.00175286 51.039 -0.00822397 -0.00665791 0.999944 1.02841
0.859634 0.510755 0.0125957 70.3789 -0.510804 0.859697 0.000765655 50.2126 -0.0104374 -0.00709211 0.99992 1.03744
0.84805 0.529776 0.0121735 71.6995 -0.529824 0.848107 0.000893767 49.3642 -0.00985092 -0.00720776 0.999925 1.04343
0.836642 0.547649 0.0105071 72.9847 -0.547695 0.836676 0.00194065 48.5008 -0.00772822 -0.00737831 0.999943 1.04879
0.825912 0.563726 0.0090735 74.2258 -0.563761 0.825937 0.0015821 47.6252 -0.00660227 -0.00642196 0.999958 1.05754
0.81544 0.578779 0.00848566 75.4271 -0.578801 0.815469 8.59599e-05 46.7439 -0.00687004 -0.0049816 0.999964 1.06682
0.807808 0.589382 0.00867291 76.5872 -0.58936 0.807854 -0.00509857 45.8595 -0.0100114 -0.000992801 0.999949 1.07945
0.802451 0.596649 0.00906671 78.2624 -0.596545 0.802492 -0.0118776 44.5619 -0.0143627 0.00412247 0.999888 1.08636
0.803792 0.594883 0.00574245 79.8309 -0.594787 0.803784 -0.0126595 43.3464 -0.0121466 0.0067601 0.999903 1.08931
0.817271 0.576232 0.00489457 81.2938 -0.576163 0.817265 -0.0106769 42.2664 -0.0101526 0.00590589 0.999931 1.09767
0.845233 0.534392 0.00236268 82.6679 -0.534368 0.845225 -0.00666431 41.36 -0.00555835 0.00437036 0.999975 1.11476
0.887029 0.461714 -0.000495812 84.0506 -0.461715 0.887028 -0.00108784 40.6021 -6.24729e-05 0.00119387 0.999999 1.13692
0.937074 0.349002 0.00952013 85.4857 -0.348992 0.937122 -0.00276528 40.0181 -0.00988661 -0.000731177 0.999951 1.16145
0.990183 0.139008 0.0146313 87.4374 -0.139004 0.990291 -0.00132917 39.6157 -0.014674 -0.000717682 0.999892 1.18575
0.991856 -0.127315 -0.00353001 89.3099 0.127305 0.991859 -0.00292385 39.7324 0.00387352 0.00245065 0.99999 1.1997
0.921687 -0.3879 0.0052686 91.0598 0.387923 0.921681 -0.00446139 40.3575 -0.00312539 0.00615581 0.999976 1.23372
0.806082 -0.591504 0.0188457 92.6084 0.591439 0.806295 0.00942448 41.4379 -0.0207698 0.0035492 0.999778 1.2595
0.733915 -0.679172 0.00974195 93.6565 0.678953 0.733946 0.0185945 42.4492 -0.0197789 -0.00703245 0.99978 1.23702
0.69637 -0.717566 0.012937 94.701 0.717434 0.69649 0.013806 43.5161 -0.0189172 -0.000332619 0.999821 1.22184
0.682447 -0.730926 -0.00361035 95.7617 0.730802 0.68222 0.0224837 44.687 -0.0139709 -0.0179824 0.999741 1.1986
0.686464 -0.727103 -0.00938817 96.9101 0.72716 0.686364 0.01191 45.894 -0.00221612 -0.0150025 0.999885 1.19498
0.696815 -0.717082 -0.0155479 98.1385 0.717249 0.696608 0.0170418 47.1848 -0.00138954 -0.0230267 0.999734 1.19866
0.705561 -0.708649 -0.00018847 99.4893 0.708453 0.705359 0.0237199 48.5263 -0.0166762 -0.0168694 0.999719 1.20769
0.708178 -0.706029 0.00256894 100.906 0.705971 0.708158 0.0108213 49.911 -0.00945941 -0.00584984 0.999938 1.19527
0.706125 -0.708045 -0.00777853 101.873 0.708081 0.706123 0.00351422 50.882 0.00300437 -0.00798931 0.999964 1.18918
0.703044 -0.711144 0.00189985 102.893 0.711102 0.703028 0.00924437 51.9028 -0.00790972 -0.00514821 0.999955 1.19432
0.699795 -0.714337 0.003183 103.929 0.714196 0.699733 0.0172501 52.9635 -0.0145496 -0.00979824 0.999846 1.2
0.69584 -0.718159 -0.00742252 104.976 0.718183 0.695724 0.0134722 54.0522 -0.00451117 -0.0147052 0.999882 1.19167
0.690097 -0.723688 -0.00650103 106.061 0.723713 0.690033 0.0097239 55.1765 -0.00255114 -0.0114153 0.999932 1.19203
0.68604 -0.727564 5.62407e-05 107.175 0.727532 0.68601 0.00937414 56.338 -0.00685887 -0.00639012 0.999956 1.20205
0.684369 -0.729088 0.00837699 108.322 0.729055 0.684419 0.00698828 57.5422 -0.0108284 0.00132472 0.999941 1.20089
0.684245 -0.729239 0.00433499 109.467 0.729177 0.684248 0.0102493 58.7707 -0.0104404 -0.00385205 0.999938 1.20201
0.685245 -0.728265 -0.00833413 110.615 0.72829 0.685088 0.0157777 60.0153 -0.00578074 -0.0168812 0.999841 1.20035
0.689482 -0.724164 -0.0141945 111.782 0.724245 0.689047 0.0261361 61.2766 -0.00914616 -0.0283006 0.999558 1.20856
0.6928 -0.720943 -0.0164204 112.974 0.72111 0.692431 0.0232377 62.5249 -0.00538311 -0.02794 0.999595 1.20974
0.69384 -0.720106 -0.00582414 114.198 0.720103 0.693723 0.014104 63.782 -0.00611601 -0.0139799 0.999884 1.19653
0.695651 -0.718355 -0.00595578 115.405 0.718336 0.695494 0.016784 65.0439 -0.00791468 -0.0159541 0.999841 1.19309
0.696999 -0.717063 -0.00367498 116.611 0.716817 0.696605 0.0302499 66.3088 -0.019131 -0.0237184 0.999536 1.19073
0.698273 -0.715745 -0.0111355 117.804 0.715832 0.69819 0.0107618 67.4974 7.19633e-05 -0.0154858 0.99988 1.20508
0.697376 -0.716638 -0.00981773 119.009 0.716685 0.697395 0.00194336 68.6877 0.00545415 -0.00839147 0.99995 1.22695
0.695195 -0.718606 0.0175905 120.228 0.718019 0.695368 0.0302113 69.919 -0.0339419 -0.00837239 0.999389 1.25438
0.694201 -0.719781 -0.00065872 121.39 0.719654 0.694059 0.0194993 71.0962 -0.013578 -0.0140105 0.99981 1.228
0.692099 -0.721789 -0.00440367 122.561 0.721798 0.692057 0.00805139 72.2638 -0.00276381 -0.00875092 0.999958 1.21174
0.687583 -0.726101 -0.00281763 123.708 0.726092 0.687539 0.0089511 73.4572 -0.00456217 -0.00820047 0.999956 1.2013
0.681703 -0.731593 -0.00725304 124.83 0.731622 0.681619 0.011148 74.6488 -0.00321196 -0.0129061 0.999912 1.18235
0.67867 -0.734322 -0.013339 125.942 0.734434 0.678455 0.0174679 75.85 -0.00377715 -0.0216516 0.999758 1.17439
0.676648 -0.736261 -0.00823342 127.062 0.736251 0.676417 0.0198697 77.0411 -0.00906002 -0.0195066 0.999769 1.17256
0.671479 -0.740991 -0.00698662 128.162 0.741019 0.671412 0.00985901 78.2219 -0.00261454 -0.0117973 0.999927 1.16432
0.661583 -0.749868 -0.00250283 129.246 0.749856 0.661544 0.00866516 79.4335 -0.00484199 -0.00760949 0.999959 1.1665
0.653505 -0.756834 0.0115769 130.316 0.756588 0.653595 0.0197003 80.6733 -0.0224765 -0.00411524 0.999739 1.16587
0.647029 -0.762458 0.00331521 131.342 0.762155 0.646884 0.0257153 81.9188 -0.0217514 -0.0141118 0.999664 1.14856
0.636788 -0.771031 -0.00365604 132.368 0.771024 0.636737 0.00939882 83.1498 -0.00491884 -0.00880395 0.999949 1.12388
0.625585 -0.780136 -0.0056397 133.389 0.780105 0.625445 0.0159821 84.4303 -0.00894087 -0.0143977 0.999856 1.12444
0.611647 -0.790969 -0.0159761 134.384 0.791127 0.611457 0.0154804 85.7219 -0.00247586 -0.0221077 0.999753 1.11962
0.598301 -0.801115 -0.0158089 135.374 0.801271 0.598161 0.0130043 87.0268 -0.000961744 -0.0204477 0.99979 1.10869
0.585459 -0.810574 -0.0143841 136.333 0.810587 0.584986 0.0271954 88.381 -0.0136294 -0.0275813 0.999527 1.10355
0.574041 -0.818751 -0.0111549 137.278 0.818603 0.573512 0.0311866 89.7335 -0.0191366 -0.0270338 0.999451 1.09433
0.566748 -0.823695 -0.0179687 138.201 0.823805 0.566239 0.0268245 91.0917 -0.0119206 -0.0300054 0.999479 1.08564
0.561522 -0.826938 -0.0294335 139.096 0.827457 0.561046 0.0232704 92.462 -0.0027296 -0.0374218 0.999296 1.0705
0.55712 -0.830057 -0.0249427 140.012 0.830239 0.556092 0.0382733 93.8651 -0.0178986 -0.0420312 0.998956 1.05361
0.550436 -0.834614 -0.0209936 140.918 0.834526 0.549301 0.0428198 95.2568 -0.0242061 -0.0410892 0.998862 1.03264
0.540354 -0.841288 -0.0158664 141.818 0.841394 0.54004 0.020314 96.62 -0.00852149 -0.0243267 0.999668 0.996732
0.528255 -0.848963 -0.0144644 142.687 0.848954 0.527795 0.0266323 98.0352 -0.0149756 -0.0263483 0.999541 0.972595
0.51696 -0.856009 -0.000296134 143.568 0.855725 0.516779 0.0259549 99.4626 -0.0220646 -0.013671 0.999663 0.945279
0.506534 -0.862209 0.00424136 144.428 0.862041 0.506523 0.0178718 100.905 -0.0175576 -0.00539645 0.999831 0.920502
0.494549 -0.869065 0.0121541 145.274 0.86915 0.494495 -0.00733257 102.334 0.000362338 0.01419 0.999899 0.894804
0.484199 -0.874875 0.0120987 146.091 0.874721 0.484343 0.016573 103.839 -0.0203592 0.00255833 0.999789 0.883329
0.476318 -0.879212 0.0103522 146.887 0.878839 0.47642 0.0258161 105.342 -0.0276298 -0.00319875 0.999613 0.864325
0.472514 -0.881267 -0.00997238 147.656 0.881294 0.472376 0.013436 106.832 -0.00712994 -0.0151373 0.99986 0.83521
0.468357 -0.883526 -0.00480714 148.457 0.883512 0.468292 0.0104458 108.337 -0.00697799 -0.00913952 0.999934 0.825397
0.468145 -0.883651 0.00103067 149.255 0.883369 0.468025 0.0247345 109.869 -0.022339 -0.0106689 0.999694 0.821431
0.464982 -0.885319 -0.00158716 150.047 0.885216 0.464899 0.0161551 111.38 -0.0135645 -0.00891679 0.999868 0.815174
0.461251 -0.887222 0.00919413 150.856 0.887263 0.461183 -0.00858834 112.868 0.00337958 0.012119 0.999921 0.810712
0.45892 -0.88842 0.0100996 151.642 0.888417 0.458992 0.0064946 114.404 -0.0104056 0.00599215 0.999928 0.825789
0.45652 -0.889649 0.0107018 152.413 0.889627 0.45661 0.00839398 115.91 -0.0123542 0.00568855 0.999907 0.829642
0.456337 -0.889807 0.000539306 153.172 0.889797 0.456334 0.00443392 117.406 -0.00419143 -0.00154349 0.99999 0.825485
0.455137 -0.890419 -0.00193889 153.929 0.890348 0.45507 0.013846 118.908 -0.0114464 -0.00802812 0.999902 0.832766
0.454343 -0.890801 -0.00681376 154.676 0.890712 0.454148 0.0195141 120.403 -0.0142887 -0.0149352 0.999786 0.828828
0.452993 -0.891446 -0.0109976 155.409 0.891492 0.45286 0.012609 121.872 -0.00625988 -0.015516 0.99986 0.822467
0.454407 -0.890701 -0.0128984 156.093 0.890783 0.454281 0.0116399 123.237 -0.00450817 -0.0167789 0.999849 0.809738
0.459778 -0.887931 -0.013502 156.737 0.888028 0.459667 0.0106143 124.497 -0.00321832 -0.0168704 0.999852 0.797106
0.465131 -0.885129 -0.0141184 157.381 0.88524 0.465036 0.00959657 125.757 -0.00192865 -0.0169618 0.999854 0.784474
0.473128 -0.880865 -0.015067 158.347 0.880993 0.473059 0.00808447 127.648 6.27618e-06 -0.0170989 0.999854 0.765519
0.481086 -0.876527 -0.0160441 159.313 0.876671 0.481044 0.00659044 129.538 0.00194125 -0.017236 0.99985 0.74656
0.489 -0.872117 -0.0170492 160.279 0.872275 0.488988 0.00511523 131.428 0.0038758 -0.017373 0.999842 0.727601
0.500284 -0.865689 -0.0172896 161.239 0.865849 0.500285 0.00462128 133.262 0.00464912 -0.0172821 0.99984 0.714136
0.515425 -0.856924 0.00432137 162.236 0.856885 0.515443 0.0081921 134.918 -0.00924742 -0.000519501 0.999957 0.731057
0.519518 -0.854455 0.00267795 163.225 0.854371 0.519507 0.0127801 136.561 -0.0123112 -0.00435151 0.999915 0.7253
0.518661 -0.854967 -0.00474924 164.214 0.85486 0.518487 0.0196465 138.252 -0.0143346 -0.0142498 0.999796 0.707634
0.513394 -0.858026 -0.0147766 165.208 0.858106 0.513471 -0.00165826 139.946 0.0090102 -0.0118286 0.999889 0.691329
0.502771 -0.864412 -0.00350141 166.22 0.864138 0.5025 0.0275499 141.733 -0.022055 -0.016877 0.999614 0.693895
0.494369 -0.869247 0.00285945 167.231 0.868841 0.494234 0.0291232 143.514 -0.0267285 -0.0119132 0.999572 0.667763
0.487905 -0.872815 0.0119563 168.276 0.872767 0.488023 0.0105799 145.205 -0.0150692 0.00527312 0.999873 0.680109
0.484847 -0.874227 0.0255255 168.984 0.874283 0.485249 0.0127091 146.377 -0.0234969 0.0161546 0.999593 0.696432
0.482197 -0.87536 0.0350832 170.026 0.875955 0.48238 -0.00363236 148.133 -0.0137438 0.0324828 0.999378 0.720022
0.479507 -0.876413 0.0444146 171.054 0.877215 0.48009 0.00283612 149.919 -0.0238086 0.0376012 0.999009 0.734093
0.479763 -0.876467 0.0404202 172.049 0.877379 0.479545 -0.0155643 151.677 -0.00574174 0.042931 0.999062 0.731054
0.479841 -0.876514 0.0384026 173.009 0.877334 0.479677 -0.0139918 153.407 -0.00615684 0.0404058 0.999164 0.748821
0.477905 -0.877096 0.0480492 173.93 0.878113 0.478453 -0.000113228 155.052 -0.02289 0.0422468 0.998845 0.764097
0.464801 -0.883396 0.0597692 174.769 0.885121 0.465327 -0.0056455 156.552 -0.022825 0.055527 0.998196 0.746154
0.427158 -0.902225 0.0593885 175.472 0.904115 0.426975 -0.0163654 157.953 -0.0105922 0.0606847 0.998101 0.716962
0.328406 -0.942171 0.0668113 176.215 0.944462 0.328445 -0.0107074 159.833 -0.0118556 0.0666171 0.997708 0.691694
0.167455 -0.984688 0.0484572 176.593 0.985849 0.166859 -0.016117 161.692 0.00778463 0.0504704 0.998695 0.681901
-0.101457 -0.994816 -0.00689847 176.439 0.994788 -0.101378 -0.0108891 163.905 0.0101333 -0.00796729 0.999917 0.708789
-0.322038 -0.945989 -0.0373642 175.896 0.946337 -0.322787 0.0159724 165.529 -0.0271704 -0.0302154 0.999174 0.698856
-0.525788 -0.849933 -0.0340669 175.078 0.849978 -0.526523 0.0176527 166.938 -0.0329406 -0.0196745 0.999264 0.650411
-0.69947 -0.714353 -0.0210036 173.923 0.714392 -0.699712 0.00695221 168.192 -0.0196628 -0.0101419 0.999755 0.576733
-0.787783 -0.615629 -0.0199617 172.812 0.615661 -0.787994 0.00526563 169.066 -0.0189714 -0.00814146 0.999787 0.539299
-0.840603 -0.541393 -0.0167251 171.541 0.541494 -0.840702 -0.00190979 169.88 -0.0130269 -0.0106619 0.999858 0.496159
-0.870059 -0.492638 -0.0174538 170.131 0.492854 -0.870037 -0.0114112 170.665 -0.00956392 -0.0185306 0.999783 0.466652
-0.880395 -0.473995 -0.0152802 168.591 0.474207 -0.880262 -0.0163413 171.481 -0.00570481 -0.0216328 0.99975 0.437225
-0.88195 -0.471073 -0.0159941 166.907 0.471292 -0.881849 -0.0150536 172.374 -0.00701307 -0.0208144 0.999759 0.411711
-0.881799 -0.471521 -0.00995681 165.07 0.471619 -0.881704 -0.0131834 173.289 -0.00256272 -0.0163209 0.999864 0.363203
-0.881921 -0.471334 -0.00769948 163.748 0.471397 -0.881809 -0.014032 173.895 -0.000175719 -0.0160046 0.999872 0.313869
-0.88143 -0.472251 -0.00775246 162.352 0.472314 -0.881334 -0.0130666 174.563 -0.000661786 -0.0151789 0.999885 0.278446
-0.880554 -0.473916 -0.00541918 160.91 0.473946 -0.880515 -0.00825693 175.291 -0.000858583 -0.00983907 0.999951 0.270776
-0.879879 -0.475156 -0.00628484 159.415 0.475188 -0.879867 -0.00540313 176.056 -0.0029625 -0.00774058 0.999966 0.265548
-0.879418 -0.475883 -0.0126229 157.874 0.475904 -0.879496 0.00142786 176.859 -0.0117813 -0.00475162 0.999919 0.259409
-0.879807 -0.475199 -0.0112393 156.334 0.475217 -0.879868 0.00121722 177.659 -0.0104675 -0.00427018 0.999936 0.24615
-0.881609 -0.471959 -0.00454887 154.798 0.471957 -0.88162 0.00146887 178.461 -0.00470362 -0.000851902 0.999989 0.23506
-0.8844 -0.466579 -0.0118786 153.243 0.466483 -0.884473 0.0100006 179.268 -0.0151724 0.00330332 0.999879 0.229367
-0.886882 -0.461791 -0.0137287 151.7 0.46159 -0.886957 0.0155527 180.088 -0.0193588 0.00745642 0.999785 0.197249
-0.888845 -0.458089 -0.010428 150.163 0.457964 -0.888885 0.0123506 180.921 -0.014927 0.00620208 0.999869 0.15192
-0.890377 -0.455143 -0.00858529 148.619 0.455057 -0.890403 0.0102597 181.732 -0.012314 0.00522821 0.999911 0.110919
-0.891163 -0.453589 -0.00930992 147.053 0.453599 -0.891205 0.00113323 182.537 -0.00881107 -0.00321308 0.999956 0.0716896
-0.891058 -0.453832 -0.00723489 145.49 0.453869 -0.891057 -0.00456026 183.34 -0.00437711 -0.00734714 0.999963 0.0568182
-0.889352 -0.457154 -0.00794224 143.95 0.457195 -0.889356 -0.00435937 184.149 -0.00507057 -0.00750816 0.999959 0.0640337
-0.887435 -0.460866 -0.00780755 142.429 0.460884 -0.887461 -0.000495717 184.971 -0.00670043 -0.00403829 0.999969 0.057642
-0.885859 -0.46393 -0.00471351 140.933 0.46387 -0.885847 0.00998168 185.788 -0.00880625 0.0066559 0.999939 0.048735
-0.884114 -0.467259 -0.00340302 139.443 0.467223 -0.884103 0.0080394 186.58 -0.00676511 0.00551778 0.999962 0.04998
-0.883845 -0.467768 -0.00325776 137.974 0.467671 -0.883769 0.0153945 187.383 -0.0100801 0.0120828 0.999876 0.0601656
-0.884706 -0.466025 -0.0108126 136.505 0.465845 -0.884728 0.0156759 188.159 -0.0168716 0.00883159 0.999819 0.0772935
-0.887159 -0.461389 -0.00830252 135.059 0.461287 -0.887173 0.0117632 188.919 -0.0127932 0.00660594 0.999896 0.0936292
-0.890862 -0.454252 -0.00450388 133.62 0.454212 -0.89086 0.00774768 189.661 -0.00753172 0.0048564 0.99996 0.1112
-0.8953 -0.445423 -0.00611132 132.174 0.445403 -0.89532 0.00433196 190.386 -0.00740114 0.0011564 0.999972 0.118458
-0.899202 -0.437363 -0.0122059 130.732 0.437371 -0.899278 0.00215366 191.082 -0.0119185 -0.00340195 0.999923 0.13008
-0.902243 -0.430876 -0.0174174 129.299 0.431013 -0.902333 -0.00490985 191.742 -0.0136007 -0.011937 0.999836 0.144472
-0.903719 -0.427651 -0.0201494 127.894 0.427955 -0.903688 -0.014265 192.381 -0.0121083 -0.0215146 0.999695 0.157672
-0.904451 -0.425829 -0.0252865 125.858 0.426362 -0.904291 -0.0217595 193.311 -0.0136006 -0.0304616 0.999443 0.190235
-0.903545 -0.427476 -0.0295005 123.947 0.428236 -0.903244 -0.027651 194.191 -0.014826 -0.0376171 0.999182 0.218451
-0.900007 -0.434697 -0.032043 122.165 0.435595 -0.899634 -0.030255 195.036 -0.0156752 -0.0411874 0.999028 0.241014
-0.896294 -0.442587 -0.0278299 120.513 0.443279 -0.895958 -0.0276349 195.851 -0.0127036 -0.0371054 0.999231 0.24953
-0.891212 -0.45257 -0.0303476 118.984 0.45336 -0.890887 -0.0280321 196.605 -0.0143497 -0.0387409 0.999146 0.258386
-0.88515 -0.464332 -0.0300756 117.615 0.465071 -0.884907 -0.0254906 197.32 -0.0147779 -0.0365503 0.999223 0.273912
-0.876351 -0.480513 -0.0334286 116.007 0.4813 -0.876293 -0.0214636 198.19 -0.0189797 -0.0348988 0.999211 0.28427
-0.865375 -0.500213 -0.0302166 114.666 0.500799 -0.865413 -0.0161527 198.975 -0.01807 -0.0291106 0.999413 0.295861
-0.852861 -0.521382 -0.0280894 113.384 0.521868 -0.852915 -0.0137609 199.771 -0.0167832 -0.0263951 0.999511 0.312328
-0.844611 -0.535368 -0.00353572 112.18 0.535306 -0.844367 -0.0221895 200.632 0.0088941 -0.0206342 0.999748 0.353669
-0.80502 -0.593244 0.00219875 111.045 0.592959 -0.804738 -0.0282263 201.443 0.0185145 -0.021419 0.999599 0.364063
-0.726887 -0.686748 -0.00354065 110.096 0.686691 -0.726736 -0.017633 202.331 0.00953628 -0.0152485 0.999838 0.376589
-0.572701 -0.819708 -0.00959364 109.173 0.819738 -0.572737 0.00134831 203.59 -0.00659986 -0.0070921 0.999953 0.387189
-0.325604 -0.945488 -0.00585087 108.513 0.945455 -0.325645 0.00840422 205.232 -0.00985139 -0.00279529 0.999948 0.384696
-0.010375 -0.999946 -0.000384969 108.367 0.999942 -0.0103761 0.00285031 207.251 -0.00285415 -0.000355375 0.999996 0.357043
0.213863 -0.976815 0.00973265 108.734 0.976863 0.213865 -0.000833224 209.122 -0.00126757 0.00968566 0.999952 0.353199
0.33907 -0.940707 0.0101271 109.278 0.940757 0.339082 -0.00053378 210.655 -0.00293178 0.00970811 0.999949 0.355636
0.415615 -0.909386 0.0167843 110.035 0.909519 0.415662 -0.000730026 212.28 -0.00631272 0.015569 0.999859 0.35565
0.451829 -0.891877 0.0201317 110.929 0.892071 0.451894 -0.00148813 214.012 -0.00777016 0.0186313 0.999796 0.347259
0.469327 -0.882796 0.0200949 111.929 0.88301 0.469328 -0.00497459 215.85 -0.00503955 0.0200787 0.999786 0.336316
0.474581 -0.879934 0.0221163 113.004 0.88017 0.474654 -0.00213675 217.811 -0.0086174 0.0204802 0.999753 0.327047
0.474788 -0.879747 0.0249332 113.765 0.880014 0.474947 0.000508494 219.194 -0.0122893 0.0217001 0.999689 0.310201
0.471911 -0.881305 0.0245158 114.551 0.881613 0.471952 -0.00446294 220.621 -0.00763705 0.0237195 0.999689 0.281662
0.470599 -0.882195 0.0163944 115.355 0.882344 0.470466 -0.0114425 222.096 0.0023815 0.0198504 0.9998 0.257586
0.470532 -0.882218 0.0170827 116.187 0.882377 0.470514 -0.00529489 223.631 -0.00336638 0.0175648 0.99984 0.246612
0.470648 -0.881915 0.0267536 117.049 0.882114 0.470978 0.00739866 225.214 -0.0191254 0.0201176 0.999615 0.234326
0.469408 -0.882506 0.028987 117.931 0.882915 0.469523 -0.00311212 226.818 -0.0108636 0.0270539 0.999575 0.203235
0.467529 -0.883618 0.0252047 118.825 0.883976 0.467283 -0.0152755 228.464 0.00171995 0.0294221 0.999566 0.180851
0.466187 -0.884387 0.0230096 119.738 0.884685 0.46599 -0.013597 230.172 0.00130273 0.0266949 0.999643 0.182172
0.465965 -0.884385 0.0271831 120.676 0.88472 0.466122 -0.000638478 231.931 -0.012106 0.0243469 0.99963 0.180935
0.467069 -0.883702 0.0302945 121.646 0.884098 0.467301 0.000628198 233.699 -0.0147118 0.0264899 0.999541 0.16498
0.46722 -0.883683 0.0284524 122.624 0.884119 0.467193 -0.0079988 235.482 -0.00622433 0.0288925 0.999563 0.148245
0.46633 -0.884127 0.0292493 123.614 0.884598 0.466247 -0.00999609 237.299 -0.00479959 0.0305353 0.999522 0.143952
0.463529 -0.885436 0.0338053 124.618 0.886012 0.463634 -0.00513625 239.146 -0.0111255 0.0323327 0.999415 0.135805
0.460533 -0.886994 0.033937 125.616 0.887633 0.460373 -0.0128502 240.996 -0.00422562 0.0360415 0.999341 0.122957
0.458285 -0.888292 0.0302068 126.613 0.888803 0.457944 -0.0177795 242.856 0.00196033 0.034996 0.999386 0.130701
0.455683 -0.88963 0.0301806 127.611 0.890135 0.455551 -0.0115109 244.74 -0.00350834 0.0321101 0.999478 0.141174
0.453183 -0.890875 0.0311115 128.606 0.891339 0.453329 -0.00257761 246.623 -0.0118074 0.0288991 0.999513 0.144862
0.452474 -0.891307 0.0289749 129.587 0.891696 0.452634 -0.00113267 248.487 -0.0121055 0.0263493 0.999579 0.134449
0.452978 -0.891118 0.0268205 130.56 0.891495 0.452991 -0.00594587 250.332 -0.00685097 0.0266037 0.999623 0.126315
0.452841 -0.891236 0.0251599 131.53 0.891591 0.452696 -0.0115135 252.168 -0.00112856 0.0276461 0.999617 0.12802
0.453648 -0.890838 0.0247417 132.49 0.891163 0.45364 -0.00622457 254.002 -0.00567875 0.0248726 0.999674 0.141456
0.454389 -0.89051 0.0228459 133.436 0.890763 0.454464 -0.0021297 255.827 -0.00848613 0.021318 0.999737 0.150786
0.455363 -0.89 0.0233519 134.38 0.890146 0.455622 0.00700753 257.657 -0.0168763 0.0175956 0.999703 0.142726
0.456398 -0.889623 0.0164622 135.32 0.889682 0.45654 0.00605788 259.479 -0.0129049 0.0118813 0.999846 0.119316
0.457365 -0.889237 0.00868895 136.26 0.889263 0.457394 0.00159577 261.294 -0.00539329 0.00699691 0.999961 0.101811
0.458257 -0.888816 0.00249706 137.2 0.888815 0.458262 0.00197577 263.111 -0.0029004 0.00131401 0.999995 0.0992025
0.458121 -0.888884 0.00315083 138.151 0.888867 0.458132 0.00554635 264.933 -0.00637356 0.000259772 0.99998 0.100394
0.457393 -0.889248 0.0054202 139.125 0.889219 0.457422 0.00734647 266.75 -0.00901216 0.00145952 0.999958 0.0961793
0.458241 -0.888816 0.00473584 140.102 0.888786 0.458264 0.00730331 268.581 -0.00866156 0.000862468 0.999962 0.0864834
0.459574 -0.888124 0.00532193 141.088 0.888099 0.459602 0.00682182 270.426 -0.00850459 0.00159127 0.999963 0.0774741
0.460496 -0.887648 0.00488381 142.08 0.887609 0.460522 0.00832303 272.295 -0.00963703 0.000502193 0.999953 0.0743403
0.461412 -0.887183 0.00216944 143.076 0.887176 0.461417 0.0036428 274.173 -0.00423285 0.00024384 0.999991 0.0723873
0.461401 -0.887186 0.00314784 144.08 0.887185 0.461409 0.00226964 276.08 -0.00346603 0.0017455 0.999992 0.0800088
0.461909 -0.886908 0.00585589 145.082 0.886854 0.461946 0.00983695 278.004 -0.0114296 0.000649539 0.999934 0.096912
0.462604 -0.886526 0.00824882 146.083 0.886431 0.462676 0.0130784 279.927 -0.0154109 0.0012619 0.99988 0.102298
0.462647 -0.886466 0.0116945 147.083 0.886429 0.462758 0.00988337 281.832 -0.014173 0.00579381 0.999883 0.103419
0.46232 -0.886625 0.0124985 148.079 0.886661 0.4624 0.00427769 283.727 -0.00957202 0.00910431 0.999913 0.106122
0.461959 -0.886723 0.017791 149.074 0.886795 0.462121 0.00620934 285.625 -0.0137276 0.0129085 0.999822 0.110457
0.461429 -0.88682 0.0251537 150.054 0.886967 0.461751 0.00866389 287.529 -0.019298 0.0183127 0.999646 0.113024
0.46117 -0.886899 0.027068 151.024 0.887231 0.461326 -0.000532527 289.404 -0.0120149 0.0242612 0.999633 0.107697
0.460439 -0.887217 0.0290337 151.99 0.88762 0.460571 -0.00235667 291.258 -0.0112812 0.026856 0.999576 0.113186
0.458493 -0.888015 0.0348438 152.936 0.88855 0.45878 0.000270503 293.079 -0.0162258 0.0308364 0.999393 0.123206
0.456576 -0.88877 0.0403215 153.868 0.889447 0.457032 0.00239602 294.865 -0.0205577 0.0347699 0.999184 0.122283
0.45478 -0.889611 0.0420368 154.781 0.890427 0.455123 -0.00158293 296.622 -0.0177237 0.0381506 0.999115 0.116682
0.453086 -0.890579 0.0397707 155.664 0.891334 0.453338 -0.00293218 298.352 -0.0154183 0.0367775 0.999205 0.110842
0.451808 -0.891246 0.039374 156.522 0.891965 0.452102 -0.00158739 300.041 -0.0163863 0.0358374 0.999223 0.109799
0.451036 -0.891778 0.0360273 157.352 0.892355 0.451334 0.000135891 301.693 -0.0163815 0.0320879 0.999351 0.110472
0.45158 -0.891575 0.0342038 158.157 0.892132 0.451769 -0.00242336 303.285 -0.0132916 0.0316087 0.999412 0.101632
0.454048 -0.890342 0.0336472 158.939 0.89086 0.454276 -0.000953774 304.822 -0.0144359 0.030408 0.999433 0.101369
0.456843 -0.888746 0.0377345 159.7 0.889396 0.457136 -0.000973295 306.284 -0.0163848 0.0340056 0.999287 0.107871
0.459667 -0.887111 0.0417116 160.438 0.887882 0.460071 0.000110338 307.664 -0.0192882 0.0369843 0.99913 0.124997
0.462227 -0.885723 0.0429183 161.13 0.886472 0.462771 0.00317594 308.962 -0.0226744 0.0365779 0.999074 0.133123
0.466024 -0.883899 0.0393079 162.081 0.884649 0.46624 -0.00403598 310.74 -0.0147595 0.0366545 0.999219 0.147713
0.468467 -0.882632 0.0387192 162.942 0.883361 0.468675 -0.00407554 312.349 -0.0145495 0.0361123 0.999242 0.158016
0.463349 -0.885317 0.0390008 163.708 0.886002 0.463681 -0.000603657 313.777 -0.0175495 0.0348345 0.999239 0.183458
0.427664 -0.903334 0.0330235 164.525 0.903906 0.42767 -0.00723414 315.464 -0.00758832 0.0329439 0.999428 0.209611
0.340244 -0.939892 0.0289436 165.136 0.940279 0.340404 0.00062487 317.117 -0.0104398 0.0270025 0.999581 0.247268
0.184107 -0.982569 0.0257416 165.485 0.982826 0.184364 0.00794782 318.797 -0.0125551 0.0238363 0.999637 0.29263
-0.0729035 -0.997274 0.0114076 165.449 0.997043 -0.0725982 0.0252044 320.906 -0.0243075 0.0132113 0.999617 0.323938
-0.30952 -0.950733 0.0174434 165 0.950281 -0.30861 0.0415457 322.683 -0.0341156 0.0294354 0.998984 0.307453
-0.488789 -0.871855 0.0308994 164.354 0.872018 -0.487215 0.0469685 323.985 -0.0258951 0.0499025 0.998418 0.275796
-0.656495 -0.753544 0.0344337 163.408 0.754308 -0.655437 0.0377101 325.152 -0.00584712 0.0507301 0.998695 0.27874
-0.790915 -0.611137 0.0310708 162.182 0.611912 -0.78953 0.0469775 326.194 -0.00417835 0.0561678 0.998413 0.288522
-0.870291 -0.492524 0.00373887 160.677 0.492426 -0.869907 0.0279225 327.021 -0.0105 0.0261418 0.999603 0.315253
-0.902676 -0.43011 -0.0134267 159.022 0.429691 -0.902605 0.0258867 327.81 -0.0232532 0.017598 0.999575 0.322192
-0.910733 -0.412948 0.00639504 157.308 0.412979 -0.910727 0.00488652 328.568 0.00380626 0.00709133 0.999968 0.31639
-0.909863 -0.414843 0.00735707 155.486 0.414907 -0.909757 0.0139115 329.413 0.000922073 0.0157101 0.999876 0.346522
-0.908533 -0.417802 0.0029648 153.565 0.417812 -0.908497 0.00813072 330.286 -0.00070352 0.00862575 0.999963 0.374387
-0.905282 -0.424805 0.00216805 152.23 0.424806 -0.905284 -0.000134572 330.893 0.00201987 0.000799175 0.999998 0.391342
-0.90152 -0.432731 -0.00234891 150.846 0.432736 -0.901517 -0.00254177 331.547 -0.00101768 -0.00330792 0.999994 0.411233
-0.898086 -0.439712 -0.00975588 149.405 0.439764 -0.898105 -0.00395924 332.238 -0.00702087 -0.00784602 0.999945 0.42848
-0.895377 -0.445275 -0.00554903 147.924 0.445301 -0.895367 -0.00506081 332.974 -0.00271497 -0.00700232 0.999972 0.427183
-0.892393 -0.45118 -0.00841625 146.381 0.451201 -0.892422 -0.000684127 333.761 -0.00720218 -0.00440793 0.999964 0.421791
-0.889528 -0.456567 -0.0169403 144.799 0.456527 -0.889687 0.00640638 334.58 -0.0179965 -0.00203503 0.999836 0.415343
-0.886898 -0.461608 -0.0181928 143.205 0.461567 -0.887081 0.00664136 335.419 -0.0192042 -0.002507 0.999812 0.40595
-0.885466 -0.464554 -0.0118512 141.596 0.464567 -0.885536 0.00183128 336.269 -0.0113454 -0.00388414 0.999928 0.394713
-0.885324 -0.464844 -0.0109972 139.969 0.464841 -0.885389 0.00294915 337.134 -0.0111077 -0.00250099 0.999935 0.392516
-0.886203 -0.463139 -0.0121295 138.334 0.463111 -0.886285 0.00520464 337.999 -0.0131607 -0.00100493 0.999913 0.393719
-0.887298 -0.460938 -0.0154657 136.702 0.460959 -0.887418 0.0023912 338.852 -0.0148268 -0.00500735 0.999878 0.390194
-0.888164 -0.45923 -0.0165271 135.077 0.45926 -0.888299 0.00213195 339.702 -0.0156601 -0.00569671 0.999861 0.387865
-0.889416 -0.456842 -0.0152943 133.46 0.456909 -0.889513 -0.00101724 340.544 -0.0131398 -0.00789286 0.999883 0.385086
-0.892258 -0.451276 -0.0150252 131.841 0.451333 -0.892356 -0.000461254 341.383 -0.0131997 -0.00719294 0.999887 0.375925
-0.89556 -0.444349 -0.022937 130.214 0.44446 -0.895799 0.000292638 342.202 -0.020677 -0.00993252 0.999737 0.377661
-0.898192 -0.439002 -0.0229914 128.592 0.439271 -0.898318 -0.00811047 342.994 -0.0170931 -0.0173842 0.999703 0.368646
-0.900056 -0.43543 -0.0173405 126.978 0.435617 -0.900088 -0.00887743 343.79 -0.0117425 -0.015544 0.99981 0.367219
-0.900668 -0.434025 -0.0204759 125.364 0.434271 -0.900733 -0.00941033 344.577 -0.014359 -0.0173677 0.999746 0.37318
-0.900038 -0.43539 -0.0191595 123.761 0.435609 -0.90009 -0.00911838 345.37 -0.0132752 -0.0165529 0.999775 0.381736
-0.897208 -0.441194 -0.0191269 122.165 0.441473 -0.897163 -0.0141605 346.157 -0.0109124 -0.0211489 0.999717 0.387405
-0.893079 -0.449264 -0.0239047 120.576 0.449639 -0.893108 -0.0134864 346.959 -0.0152905 -0.022793 0.999623 0.393233
-0.888259 -0.458614 -0.0258646 119.004 0.459019 -0.888339 -0.0124849 347.771 -0.0172508 -0.0229622 0.999587 0.391336
-0.883381 -0.46801 -0.0245862 117.453 0.468362 -0.883469 -0.0109788 348.595 -0.016583 -0.0212137 0.999637 0.388639
-0.878553 -0.477155 -0.0216346 115.918 0.477478 -0.878542 -0.0133664 349.423 -0.0126291 -0.0220731 0.999677 0.391055
-0.873554 -0.486257 -0.0213726 114.397 0.486577 -0.873532 -0.0135909 350.262 -0.0120609 -0.0222718 0.999679 0.400414
-0.868761 -0.494635 -0.0242804 112.888 0.495008 -0.868796 -0.0126319 351.117 -0.0148466 -0.0229932 0.999625 0.404733
-0.86473 -0.501538 -0.0265038 111.398 0.501885 -0.864896 -0.0081781 351.986 -0.0188214 -0.0203737 0.999615 0.4053
-0.862177 -0.506055 -0.0236366 109.956 0.50628 -0.862358 -0.00434633 352.843 -0.0181837 -0.015714 0.999711 0.408693
-0.861109 -0.50811 -0.0177794 108.578 0.508198 -0.86124 -0.000520078 353.667 -0.0150481 -0.00948328 0.999842 0.413981
-0.860979 -0.508456 -0.0136953 107.271 0.508473 -0.861074 0.00251663 354.452 -0.0130723 -0.00479692 0.999903 0.423872
-0.862554 -0.505869 -0.00987706 106.035 0.505836 -0.86261 0.0058485 355.192 -0.0114786 4.84772e-05 0.999934 0.432853
-0.868808 -0.494997 -0.0122604 104.323 0.494849 -0.868878 0.0132761 356.191 -0.0172244 0.00546734 0.999837 0.456814
-0.878325 -0.478025 -0.0060873 102.743 0.477915 -0.878298 0.0137949 357.069 -0.0119408 0.00920722 0.999886 0.470625
-0.888983 -0.457873 -0.00789386 101.169 0.457744 -0.888974 0.0139878 357.896 -0.0134221 0.00882158 0.999871 0.488858
-0.898136 -0.439717 -0.000682511 99.6056 0.4397 -0.898113 0.00755093 358.673 -0.00393324 0.00648166 0.999971 0.503109
-0.905807 -0.423671 0.00413142 98.0314 0.423684 -0.905806 0.00284389 359.425 0.00253739 0.00432643 0.999987 0.525049
-0.911634 -0.410969 0.00523088 96.4009 0.410982 -0.911642 0.00150402 360.174 0.00415058 0.00352091 0.999985 0.549127
-0.915405 -0.402508 0.00454987 94.704 0.402462 -0.915397 -0.00858334 360.917 0.0076198 -0.00602609 0.999953 0.575392
-0.916387 -0.400264 0.00489713 92.9419 0.400219 -0.916383 -0.00817108 361.698 0.00775824 -0.00552794 0.999955 0.597217
-0.915515 -0.401952 -0.0163531 91.0577 0.402057 -0.915607 -0.00364768 362.518 -0.0135068 -0.00991439 0.99986 0.60402
-0.912095 -0.408997 -0.028372 89.0722 0.409376 -0.912323 -0.0088848 363.385 -0.0222505 -0.0197186 0.999558 0.592371
-0.908946 -0.41685 -0.00728505 87.7144 0.416905 -0.908676 -0.0223256 363.996 0.00268667 -0.0233299 0.999724 0.556237
-0.904845 -0.424273 -0.0353351 86.2545 0.424838 -0.905214 -0.010027 364.675 -0.0277317 -0.0240845 0.999325 0.54138
-0.901803 -0.431014 -0.0312978 84.7808 0.431434 -0.90211 -0.00788621 365.385 -0.024835 -0.0206148 0.999479 0.511196
-0.898832 -0.438244 -0.00652552 83.2798 0.438273 -0.898552 -0.0228195 366.109 0.00413701 -0.0233709 0.999718 0.474427
-0.894364 -0.446646 -0.0248953 81.6833 0.447225 -0.894009 -0.0271545 366.878 -0.0101282 -0.0354198 0.999321 0.471395
-0.888308 -0.45855 -0.0253069 80.0623 0.459201 -0.887657 -0.0346421 367.687 -0.00657872 -0.0423938 0.999079 0.459413
-0.881778 -0.471664 -8.38432e-05 78.4386 0.471344 -0.881173 -0.0370089 368.557 0.0173819 -0.0326732 0.999315 0.454854
-0.875011 -0.483993 -0.0103112 76.7505 0.484099 -0.874719 -0.0227069 369.487 0.00197063 -0.0248604 0.999689 0.485013
-0.86916 -0.494126 -0.0200032 75.0389 0.494409 -0.869133 -0.0129572 370.439 -0.0109829 -0.0211516 0.999716 0.488492
-0.866417 -0.49919 -0.0114999 73.3327 0.499314 -0.866307 -0.014069 371.409 -0.00293936 -0.0179317 0.999835 0.47992
-0.865846 -0.5002 -0.0104854 71.6102 0.50029 -0.865811 -0.00907497 372.404 -0.00453904 -0.0131033 0.999904 0.496728
-0.866949 -0.498179 -0.0147787 69.8745 0.498324 -0.86695 -0.00848032 373.392 -0.00858763 -0.0147166 0.999855 0.509221
-0.869865 -0.492912 -0.0192828 68.1315 0.4931 -0.869949 -0.0063545 374.379 -0.0136429 -0.0150359 0.999794 0.513623
-0.873144 -0.487456 -0.00232883 66.417 0.487459 -0.873114 -0.00742161 375.363 0.00158437 -0.00761535 0.99997 0.508026
-0.876523 -0.48136 -0.00101836 64.6918 0.481358 -0.876523 0.00162108 376.347 -0.00167294 0.000930715 0.999998 0.511432
-0.87903 -0.476691 -0.00852585 62.9573 0.476665 -0.879071 0.00491279 377.302 -0.00983671 0.00025451 0.999952 0.516211
-0.881082 -0.472915 -0.00679908 61.2413 0.472951 -0.881071 -0.00554831 378.217 -0.0033666 -0.00810415 0.999961 0.521539
-0.883069 -0.469226 -0.00406244 59.5289 0.469243 -0.88303 -0.00830904 379.134 0.000311559 -0.00924373 0.999957 0.534306
-0.885015 -0.465499 -0.0077601 57.8181 0.465516 -0.885039 -0.000466071 380.056 -0.00665103 -0.00402493 0.99997 0.549954
