0.480565 -0.87665 0.0232865 0.687383 0.876925 0.48061 -0.00401009 0.55236 -0.0076763 0.0223477 0.999721 0.786151
0.478097 -0.878066 0.0205792 1.51693 0.878301 0.478051 -0.00741541 2.10924 -0.0033267 0.02162 0.999761 0.7762
0.474667 -0.880064 0.0133404 2.35939 0.880162 0.47465 -0.0046362 3.69945 -0.00225185 0.0139423 0.9999 0.779372
0.472456 -0.88121 0.0159522 3.21263 0.881343 0.472462 -0.00361874 5.34664 -0.00434794 0.0157691 0.999866 0.798618
0.469834 -0.88259 0.017079 4.0266 0.882745 0.469832 -0.00435412 6.97545 -0.00418134 0.0171221 0.999845 0.791096
0.468147 -0.883472 0.0177913 4.89979 0.883639 0.46815 -0.00425384 8.63912 -0.00457084 0.0177125 0.999833 0.811155
0.468421 -0.883293 0.0193511 5.77968 0.883437 0.468545 0.00215577 10.2773 -0.010971 0.0160857 0.99981 0.81203
0.471209 -0.881711 0.02341 6.70831 0.881902 0.471416 0.00394368 11.9707 -0.014513 0.018787 0.999718 0.796167
0.474601 -0.879902 0.0229257 7.54315 0.880156 0.474679 -0.00228023 13.6578 -0.00887598 0.0212604 0.999735 0.787783
0.475567 -0.879528 0.0163331 8.46751 0.879656 0.475609 -0.00146549 15.3171 -0.00647922 0.0150644 0.999866 0.819207
0.475112 -0.879565 0.0251861 9.41178 0.879824 0.475297 0.00159093 17.0863 -0.0133702 0.0214035 0.999682 0.797635
0.473429 -0.879984 0.0386375 10.3495 0.880767 0.47347 -0.00866411 18.8079 -0.0106694 0.0381324 0.999216 0.786629
0.469886 -0.882068 0.0340982 11.2731 0.882707 0.469783 -0.0114733 20.5538 -0.00589853 0.0354899 0.999353 0.780424
0.468248 -0.883089 0.0299725 12.1995 0.883547 0.468312 -0.00526148 22.3138 -0.00939015 0.0289458 0.999537 0.787277
0.466053 -0.884127 0.033374 13.1624 0.884665 0.466215 -0.00322159 24.0936 -0.0127112 0.0310263 0.999438 0.775904
0.465096 -0.884623 0.0335878 14.0786 0.885075 0.46544 0.00281714 25.8988 -0.0181252 0.0284175 0.999432 0.735787
0.465194 -0.884566 0.0337343 15.0159 0.885035 0.46552 0.00209063 27.6763 -0.0175533 0.0288835 0.999429 0.740902
0.464737 -0.884913 0.0307815 15.9386 0.885334 0.464955 -9.53092e-05 29.4572 -0.0142277 0.0272962 0.999526 0.743401
0.462982 -0.88571 0.0341317 16.8311 0.886219 0.463267 0.000510199 31.2214 -0.016264 0.030012 0.999417 0.719534
0.462116 -0.886288 0.0306927 17.7166 0.886759 0.462211 -0.00433897 32.9655 -0.0103409 0.0292221 0.999519 0.731954
0.461705 -0.886558 0.0290275 18.6326 0.886968 0.461821 -0.00300136 34.714 -0.0107446 0.0271322 0.999574 0.733443
0.460876 -0.88684 0.0332841 19.5098 0.88734 0.461115 -0.000552739 36.4628 -0.0148576 0.029789 0.999446 0.713494
0.460588 -0.88681 0.0377827 20.4074 0.887513 0.460761 -0.00451724 38.1601 -0.0134028 0.0356132 0.999276 0.71835
0.459057 -0.887455 0.0411269 21.3135 0.888245 0.459364 -0.00219013 39.8758 -0.0169486 0.0375362 0.999152 0.726708
0.457076 -0.88821 0.0465271 22.1826 0.889108 0.457688 0.00284901 41.5556 -0.0238254 0.0400654 0.998913 0.701586
0.454505 -0.889582 0.0454944 23.0035 0.890595 0.454769 -0.00495732 43.2214 -0.0162795 0.0427703 0.998952 0.694035
0.452922 -0.89086 0.0350753 23.8316 0.891493 0.452989 -0.00645838 44.852 -0.0101352 0.0341945 0.999364 0.686168
0.450712 -0.892027 0.0338527 24.6307 0.892556 0.450935 -0.00116513 46.4872 -0.014226 0.0307406 0.999426 0.678214
0.448416 -0.893156 0.0345824 25.3649 0.893698 0.448669 -0.000500306 48.0271 -0.0150692 0.0311306 0.999402 0.671977
0.445714 -0.894493 0.034951 26.135 0.895025 0.446015 0.000912935 49.5015 -0.0164053 0.0308752 0.999389 0.669349
0.442943 -0.895904 0.0340216 26.8606 0.89636 0.443311 0.00375521 51.0102 -0.0184465 0.0288323 0.999414 0.659588
0.440248 -0.89725 0.033512 27.5415 0.897547 0.44079 0.0106123 52.428 -0.0242937 0.0254066 0.999382 0.619154
0.438474 -0.898134 0.0331239 28.1753 0.898605 0.438756 0.00142482 53.7913 -0.015813 0.0291406 0.99945 0.635974
0.436372 -0.899484 0.0225184 29.0817 0.899711 0.436486 0.000157613 55.6866 -0.00997073 0.0201913 0.999746 0.663468
0.434189 -0.900333 0.0296726 29.9111 0.900803 0.434157 -0.00784354 57.4158 -0.00582078 0.0301348 0.999529 0.696693
0.440993 -0.897008 0.0300282 30.6741 0.897503 0.440879 -0.010684 59.0246 -0.00365517 0.0316619 0.999492 0.693063
0.456286 -0.888904 0.0406414 31.4697 0.889736 0.456433 -0.00612731 60.4939 -0.0131035 0.0389559 0.999155 0.735821
0.493923 -0.868878 0.033048 32.1381 0.869334 0.494225 0.00112211 61.8897 -0.0173081 0.0281755 0.999453 0.722593
0.589512 -0.806729 0.0408017 33.284 0.807337 0.590086 0.00256672 63.3408 -0.0261471 0.0314276 0.999164 0.70983
0.723489 -0.689087 0.0415172 34.3924 0.689536 0.724237 0.00459221 64.5733 -0.0332327 0.0253052 0.999127 0.684411
0.865988 -0.498529 0.0391478 35.7628 0.498845 0.866689 0.00193603 65.4344 -0.0348941 0.0178521 0.999232 0.628932
0.978253 -0.202593 0.0444574 37.6571 0.202731 0.979234 0.00143098 65.9042 -0.043824 0.00761302 0.99901 0.581485
0.991581 0.12304 0.0403497 39.8868 -0.12291 0.992402 -0.00570268 65.7664 -0.0407448 0.000695294 0.999169 0.514743
0.952872 0.300531 0.0414383 41.594 -0.300587 0.953741 -0.00502102 65.3214 -0.0410304 -0.00767141 0.999129 0.422046
0.921612 0.387578 0.0203547 43.1021 -0.387395 0.92183 -0.0124318 64.6394 -0.0235819 0.00357206 0.999716 0.396557
0.896213 0.442681 0.0288976 44.8286 -0.442555 0.896674 -0.0109558 63.7706 -0.0307616 -0.00297008 0.999522 0.359378
0.882051 0.470494 0.02492 46.1456 -0.470089 0.88238 -0.0205448 63.007 -0.0316551 0.00640693 0.999478 0.292959
0.874063 0.485244 0.0235048 47.6992 -0.484874 0.874359 -0.0198284 62.1824 -0.0301732 0.00593442 0.999527 0.249071
0.868199 0.495731 0.0219388 49.3432 -0.495274 0.868426 -0.0232347 61.2168 -0.0305704 0.00930663 0.999489 0.179652
0.867155 0.497649 0.0196864 51.0951 -0.49703 0.867237 -0.0293499 60.203 -0.0316787 0.0156662 0.999375 0.139595
0.869891 0.492943 0.0172535 52.3463 -0.492205 0.869796 -0.0344738 59.4633 -0.0320006 0.0214962 0.999257 0.0902616
0.874684 0.484366 0.017797 53.6912 -0.483597 0.874586 -0.0351271 58.7602 -0.0325794 0.0221186 0.999224 0.0372668
0.878543 0.477185 0.0213707 55.0715 -0.476353 0.878567 -0.0347447 57.9842 -0.0353552 0.0203447 0.999168 -0.0388777
0.88228 0.470204 0.0221621 56.5203 -0.469296 0.882291 -0.0363951 57.2757 -0.0366666 0.0217101 0.999092 -0.0774867
0.884391 0.466436 0.0170117 57.9404 -0.465774 0.884314 -0.0323112 56.5494 -0.0301148 0.0206522 0.999333 -0.129376
0.884793 0.465598 0.0189648 59.4222 -0.4652 0.884932 -0.0220227 55.7996 -0.0270362 0.0106631 0.999578 -0.154588
0.885042 0.465027 0.0212293 60.8647 -0.464619 0.885249 -0.0215589 55.0482 -0.0288187 0.00921697 0.999542 -0.162266
0.884753 0.465432 0.0241752 62.3312 -0.465074 0.885066 -0.0191075 54.2985 -0.0302899 0.00566214 0.999525 -0.181879
0.884451 0.466026 0.0237745 63.8014 -0.465725 0.884761 -0.0172799 53.547 -0.0290876 0.00421081 0.999568 -0.220191
0.882049 0.47036 0.0273946 65.3031 -0.470195 0.882473 -0.0125857 52.7919 -0.0300949 -0.00177959 0.999545 -0.261415
0.877689 0.47802 0.034053 66.8006 -0.47807 0.878292 -0.00719173 51.9978 -0.0333463 -0.00996762 0.999394 -0.284535
0.869278 0.493225 0.0329375 68.2391 -0.493252 0.869851 -0.00787255 51.2349 -0.0325336 -0.00940303 0.999426 -0.331388
0.858733 0.511333 0.0333917 69.651 -0.511347 0.85933 -0.00878319 50.407 -0.0331856 -0.00953232 0.999404 -0.356135
0.847552 0.52959 0.0344923 71.0027 -0.529592 0.848196 -0.00984368 49.5962 -0.0344693 -0.00992381 0.999357 -0.376715
0.83584 0.547914 0.0340999 72.3604 -0.5479 0.836477 -0.0105816 48.7436 -0.0343215 -0.0098388 0.999362 -0.431487
0.8236 0.566186 0.0334057 73.6153 -0.566225 0.824199 -0.00917214 47.9232 -0.0327261 -0.011361 0.9994 -0.455352
0.812742 0.581711 0.0325982 74.865 -0.581755 0.813313 -0.00908547 47.02 -0.0317977 -0.01158 0.999427 -0.486908
0.802299 0.596066 0.0319728 76.0414 -0.596067 0.802866 -0.0105348 46.1175 -0.0319493 -0.0106059 0.999433 -0.492495
0.794292 0.606699 0.031864 77.2459 -0.606556 0.794897 -0.0150845 45.215 -0.0344804 -0.00734576 0.999378 -0.523984
0.788048 0.614627 0.0348478 78.8789 -0.614295 0.788802 -0.0208031 43.9747 -0.0402742 -0.00501297 0.999176 -0.598813
0.791255 0.610869 0.0274739 80.4325 -0.61031 0.791721 -0.0264672 42.7432 -0.0379196 0.00417469 0.999272 -0.625749
0.804755 0.592943 0.0280689 81.8871 -0.592428 0.805237 -0.0249462 41.6547 -0.0373938 0.00344678 0.999295 -0.681085
0.833992 0.551302 0.0228586 83.2778 -0.550872 0.834282 -0.0226734 40.6833 -0.0315704 0.00631722 0.999482 -0.702694
0.877513 0.479128 0.020187 84.6656 -0.478872 0.877732 -0.0163729 39.9061 -0.0255635 0.00470045 0.999662 -0.726859
0.930588 0.365008 0.0278312 86.0864 -0.364696 0.930993 -0.0157383 39.3156 -0.0316552 0.00449591 0.999489 -0.782482
0.987804 0.152274 0.0325029 88.0186 -0.15181 0.988275 -0.016308 39.0653 -0.0346051 0.0111749 0.999339 -0.801676
0.992527 -0.120961 0.0160957 89.9686 0.121258 0.992441 -0.0189159 39.3019 -0.013686 0.0207263 0.999692 -0.848955
0.920663 -0.389557 0.0249858 91.8257 0.390042 0.920605 -0.0187929 39.963 -0.0156812 0.0270475 0.999511 -0.866259
0.802112 -0.59603 0.0369373 93.4183 0.596608 0.802509 -0.00615509 40.9992 -0.0259739 0.0269742 0.999299 -0.862912
0.730362 -0.682517 0.0272406 94.4899 0.682762 0.73064 0.000394627 41.9113 -0.0201724 0.0183106 0.999629 -0.903851
0.692235 -0.721051 0.0299448 95.5398 0.721444 0.692464 -0.00358233 43.1289 -0.0181527 0.0240833 0.999545 -0.923044
0.676806 -0.736017 0.0145645 96.5471 0.735992 0.676942 0.00806204 44.2995 -0.0157931 0.00526292 0.999861 -0.973654
0.678961 -0.734119 0.00899276 97.6042 0.734173 0.678935 -0.00611378 45.5001 -0.00161725 0.0107533 0.999941 -0.944966
0.689371 -0.724407 0.00106553 98.8009 0.724405 0.689372 0.00167363 46.8449 -0.00194694 -0.00038188 0.999998 -0.950109
0.69836 -0.71564 0.0123342 100.127 0.715626 0.698455 0.00631972 48.1944 -0.0131375 0.00441324 0.999904 -0.953277
0.69983 -0.713984 0.0215773 101.5 0.714277 0.699768 -0.0115414 49.5728 -0.00685878 0.0234892 0.999701 -0.928532
0.697956 -0.716076 0.00964243 102.48 0.716137 0.697846 -0.0126178 50.5892 0.0023064 0.015712 0.999874 -0.950866
0.695908 -0.71801 0.013149 103.488 0.718113 0.695904 -0.00565873 51.6616 -0.00508741 0.0133804 0.999898 -0.933152
0.692863 -0.720768 0.0208636 104.519 0.720972 0.692954 -0.00363381 52.7535 -0.0118384 0.0175598 0.999776 -0.940648
0.688599 -0.72504 0.0122291 105.57 0.72514 0.688542 -0.00905618 53.8674 -0.00185414 0.0151039 0.999884 -0.939682
0.683724 -0.729719 0.00562161 106.684 0.729741 0.683697 -0.00602747 55.1099 0.000554885 0.00822345 0.999966 -0.953015
0.679324 -0.733738 0.0121721 107.803 0.733832 0.679297 -0.00685225 56.2966 -0.00324069 0.0135871 0.999902 -0.955139
0.677436 -0.73533 0.0192767 108.921 0.735567 0.677359 -0.0112629 57.4693 -0.00477531 0.0218091 0.999751 -0.942344
0.677282 -0.735449 0.0200761 109.991 0.735689 0.677263 -0.00876537 58.7104 -0.00715028 0.0207064 0.99976 -0.982208
0.67813 -0.734842 0.0121464 111.135 0.734935 0.678106 -0.00661533 59.9747 -0.00337532 0.0134129 0.999904 -0.960699
0.681958 -0.731389 0.00156465 112.286 0.73137 0.681953 0.00614995 61.262 -0.00556502 -0.00304967 0.99998 -0.968705
0.68431 -0.72919 0.0016143 113.483 0.729184 0.684311 0.00292053 62.5425 -0.0032343 -0.000821421 0.999994 -0.943157
0.685355 -0.72818 0.00648739 114.667 0.728206 0.68535 -0.0033396 63.8338 -0.0020143 0.00701297 0.999973 -0.92334
0.687337 -0.726295 0.00790334 115.879 0.726327 0.687347 -0.00184128 65.1488 -0.00409503 0.00700599 0.999967 -0.929016
0.688729 -0.724955 0.00958345 117.045 0.724903 0.688795 0.00872613 66.4041 -0.0129271 0.000937132 0.999916 -0.919658
0.690421 -0.723403 0.00269472 118.204 0.723393 0.690378 -0.00902406 67.6087 0.00466766 0.00817974 0.999956 -0.908931
0.689407 -0.724359 0.00473151 119.374 0.724357 0.68933 -0.0114372 68.8273 0.00502306 0.0113122 0.999923 -0.839116
0.686745 -0.726277 0.0300533 120.541 0.72641 0.687212 0.00825566 70.0899 -0.0266489 0.0161614 0.999514 -0.918987
0.686034 -0.727459 0.0126916 121.704 0.727537 0.686064 -0.00248669 71.3102 -0.00689827 0.0109395 0.999916 -0.86435
0.683652 -0.729791 0.00503082 122.828 0.729808 0.683626 -0.00603649 72.514 0.000966175 0.00779839 0.999969 -0.860873
0.678871 -0.734249 0.0036442 123.938 0.734258 0.678859 -0.00399575 73.7627 0.00045998 0.00538837 0.999985 -0.838811
0.672576 -0.739938 0.0115871 125.013 0.740027 0.672462 -0.0124557 74.9245 0.00142455 0.0169522 0.999855 -0.786271
0.669776 -0.742531 0.00684715 126.119 0.742563 0.669746 -0.00639713 76.1969 0.000164223 0.00936908 0.999956 -0.764648
0.667582 -0.744504 0.00691685 127.222 0.744531 0.667583 -0.00240924 77.4431 -0.00282389 0.00675817 0.999973 -0.773208
0.662994 -0.748593 0.0068597 128.316 0.748618 0.662925 -0.0100852 78.689 0.00300227 0.0118217 0.999926 -0.742127
0.652293 -0.757905 0.00964222 129.341 0.757966 0.652233 -0.00885452 79.8966 0.000421913 0.0130842 0.999914 -0.747496
0.644056 -0.764779 0.0174442 130.423 0.764828 0.644214 0.00511466 81.1521 -0.0151494 0.0100477 0.999835 -0.804115
0.637116 -0.770612 0.0154973 131.42 0.770657 0.637237 0.00413424 82.3966 -0.0130613 0.00930912 0.999871 -0.774791
0.627356 -0.77865 0.0113484 132.423 0.778733 0.627278 -0.00987146 83.6697 0.000567802 0.0150303 0.999887 -0.745872
0.616659 -0.787181 0.00887639 133.44 0.787226 0.616653 -0.00365208 84.9467 -0.00259881 0.00923981 0.999954 -0.724505
0.603156 -0.797624 0.000105061 134.429 0.797618 0.603151 -0.00387956 86.2878 0.00303106 0.00242378 0.999992 -0.731466
0.590255 -0.807217 0.000125598 135.392 0.807194 0.590238 -0.00750476 87.6284 0.00598383 0.00453111 0.999972 -0.735518
0.576494 -0.817099 0.00215245 136.346 0.817073 0.576493 0.00688583 89.0097 -0.00686727 -0.00221093 0.999974 -0.721296
0.564921 -0.825138 0.00330138 137.284 0.825098 0.564927 0.00841575 90.4006 -0.00880919 -0.00203028 0.999959 -0.722712
0.556943 -0.83055 -0.00147058 138.229 0.830543 0.556928 0.0055012 91.8078 -0.00375001 -0.00428523 0.999984 -0.6881
0.551109 -0.834343 -0.0122886 139.121 0.834415 0.551134 0.00155132 93.2122 0.00547832 -0.0111087 0.999923 -0.677957
0.54567 -0.837958 -0.00837335 140.026 0.837966 0.545531 0.0144454 94.6526 -0.00753673 -0.014899 0.999861 -0.697844
0.539137 -0.842217 -0.00133524 140.876 0.842133 0.539059 0.0151023 96.0361 -0.0119997 -0.00926667 0.999885 -0.676181
0.529409 -0.848362 0.00290795 141.771 0.848366 0.52941 -0.000642382 97.3966 -0.000994524 0.00280709 0.999996 -0.66453
0.517198 -0.855856 -0.00418244 142.617 0.855853 0.517157 0.00807906 98.81 -0.00475153 -0.00775803 0.999959 -0.69818
0.505647 -0.862602 0.0154248 143.481 0.862687 0.505734 0.00209808 100.224 -0.00961066 0.0122459 0.999879 -0.690908
0.495224 -0.868173 0.0320751 144.338 0.868736 0.495174 -0.0100211 101.7 -0.00718269 0.0328275 0.999435 -0.645854
0.485025 -0.873687 0.0377039 145.161 0.874443 0.484047 -0.0323832 103.099 0.0100424 0.0486766 0.998764 -0.603963
0.473454 -0.88015 0.0343122 145.954 0.880791 0.473388 -0.0105326 104.667 -0.00697269 0.0352086 0.999356 -0.64539
0.465847 -0.884011 0.0388633 146.789 0.884741 0.466069 -0.00369677 106.269 -0.014845 0.0361061 0.999238 -0.618016
0.462119 -0.886487 0.0242513 147.506 0.886816 0.461884 -0.014854 107.708 0.00196656 0.0283707 0.999596 -0.654817
0.458217 -0.888532 0.0234292 148.275 0.888808 0.457817 -0.0205709 109.256 0.00755163 0.0302501 0.999514 -0.525451
0.457072 -0.888981 0.0282357 149.077 0.889405 0.457065 -0.00709186 110.784 -0.00660102 0.0283545 0.999576 -0.582427
0.453445 -0.890897 0.0262808 149.83 0.891282 0.453315 -0.0110485 112.337 -0.00207045 0.0284335 0.999594 -0.595335
0.450043 -0.892317 0.0350839 150.587 0.892843 0.44886 -0.0368153 113.834 0.0171032 0.0478929 0.998706 -0.513461
0.447983 -0.893513 0.0307587 151.357 0.894038 0.44761 -0.0184804 115.405 0.00274457 0.0357783 0.999356 -0.527457
0.445545 -0.894489 0.037135 152.088 0.89526 0.44515 -0.0187608 116.94 0.000250723 0.0416043 0.999134 -0.502608
0.44559 -0.894671 0.0318194 152.829 0.895219 0.445076 -0.0221168 118.495 0.00562519 0.0383404 0.999249 -0.497333
0.444307 -0.895463 0.027151 153.563 0.895874 0.444054 -0.0150628 119.974 0.0014317 0.0310164 0.999518 -0.463899
0.443237 -0.89597 0.0279032 154.257 0.896404 0.443056 -0.0127127 121.51 -0.000972474 0.0306473 0.99953 -0.460198
0.441614 -0.896937 0.0219372 154.997 0.897188 0.441322 -0.0169897 122.973 0.00555731 0.0271847 0.999615 -0.422586
0.4384 -0.898516 0.0217777 155.707 0.898779 0.438303 -0.00931635 124.485 -0.00117432 0.0236576 0.999719 -0.411894
0.435805 -0.899465 0.0322058 156.337 0.899967 0.43595 -0.00276279 125.852 -0.0115551 0.0301882 0.999477 -0.446624
0.436221 -0.899229 0.0331485 157.012 0.899837 0.436011 -0.0137124 127.194 -0.00212253 0.0358099 0.999356 -0.354347
0.439211 -0.897892 0.0297398 157.855 0.898316 0.438529 -0.0268531 129.143 0.0110694 0.0385099 0.999197 -0.335691
0.452917 -0.89092 0.0335918 158.771 0.891547 0.452726 -0.0135315 130.968 -0.0031524 0.0360773 0.999344 -0.2962
0.470247 -0.881973 0.0315018 159.669 0.882535 0.469958 -0.0164632 132.759 -0.000284428 0.0355432 0.999368 -0.264203
0.490419 -0.871201 0.0223023 160.588 0.871379 0.489796 -0.0282579 134.543 0.0136947 0.033292 0.999352 -0.208725
0.504003 -0.862928 0.036556 161.528 0.863702 0.503532 -0.0217997 136.129 0.000404476 0.0425606 0.999094 -0.14653
0.507223 -0.861243 0.0313815 162.551 0.861803 0.507072 -0.0131851 137.851 -0.00455715 0.0337324 0.99942 -0.192581
0.50625 -0.861989 0.0261971 163.522 0.862371 0.506189 -0.00940927 139.571 -0.00515001 0.0273551 0.999613 -0.187413
0.500565 -0.865502 0.0184626 164.499 0.865571 0.500011 -0.0278442 141.219 0.0148677 0.0299186 0.999442 -0.148194
0.488722 -0.871997 0.0278023 165.483 0.872355 0.488871 -0.00162585 143.038 -0.012174 0.0250481 0.999612 -0.170914
0.480946 -0.876105 0.0336296 166.537 0.876608 0.481205 -0.000449546 144.88 -0.0157889 0.0296962 0.999434 -0.156285
0.474708 -0.879098 0.0428987 167.523 0.880126 0.474438 -0.016906 146.707 -0.00549074 0.0457817 0.998936 -0.142794
0.472329 -0.8797 0.0550811 168.296 0.881346 0.472185 -0.0164233 147.982 -0.0115609 0.0563027 0.998347 -0.146176
0.470316 -0.879947 0.0670547 169.293 0.882488 0.469315 -0.0309569 149.82 -0.00422933 0.0737344 0.997269 -0.118588
0.46723 -0.880999 0.0744089 170.283 0.884033 0.466801 -0.0241317 151.688 -0.0134741 0.077055 0.996936 -0.155574
0.468122 -0.880348 0.0764882 171.245 0.883661 0.466148 -0.0429905 153.461 0.00219175 0.0877144 0.996143 -0.11446
0.468248 -0.880964 0.0681639 172.161 0.883595 0.466691 -0.0382002 155.235 0.00184147 0.0781165 0.996943 -0.0934477
0.467005 -0.880942 0.0764669 173.128 0.88416 0.466471 -0.0258016 157.016 -0.0129399 0.0796584 0.996738 -0.114703
0.453953 -0.886647 0.0882253 173.927 0.890934 0.453095 -0.030688 158.544 -0.012765 0.0925339 0.995628 -0.0886386
0.417067 -0.904519 0.0888819 174.604 0.908873 0.415291 -0.0385098 159.992 -0.00207894 0.0968435 0.995297 -0.11605
0.320973 -0.942031 0.097744 175.208 0.947086 0.319033 -0.0352998 161.889 0.00206993 0.103902 0.994585 -0.0561822
0.163434 -0.982994 0.0837416 175.539 0.986247 0.160674 -0.0387488 163.628 0.0246348 0.0889228 0.995734 -0.00416404
-0.11047 -0.993523 0.0266178 175.341 0.993149 -0.111376 -0.0353671 165.887 0.0381026 0.0225284 0.99902 0.0494456
-0.336783 -0.941575 -0.00362848 174.707 0.941518 -0.336712 -0.0130308 167.586 0.0110477 -0.00780481 0.999909 0.087608
-0.544467 -0.838782 0.00067072 173.781 0.838722 -0.544438 -0.0114988 169.051 0.0100101 -0.00569817 0.999934 0.185032
-0.717343 -0.696613 0.0121999 172.576 0.696341 -0.717421 -0.0204104 170.276 0.0229706 -0.00614594 0.999717 0.219171
-0.803673 -0.594901 0.0142126 171.406 0.594555 -0.803741 -0.0224429 171.16 0.0247746 -0.00958659 0.999647 0.255828
-0.853998 -0.520005 0.0167847 170.034 0.519444 -0.854012 -0.0290007 171.901 0.0294148 -0.0160479 0.999439 0.280349
-0.88255 -0.469909 0.0170704 168.641 0.469088 -0.882364 -0.0372925 172.637 0.0325863 -0.0249049 0.999159 0.352512
-0.892046 -0.451551 0.0188847 167.035 0.450463 -0.891724 -0.0437128 173.353 0.0365785 -0.030487 0.998866 0.403839
-0.894122 -0.44744 0.0185474 165.31 0.446354 -0.893775 -0.0439843 174.159 0.0362575 -0.0310486 0.99886 0.504392
-0.892481 -0.450474 0.0234796 163.407 0.449256 -0.892339 -0.0435936 175.138 0.0405896 -0.0283581 0.998773 0.594702
-0.892289 -0.450805 0.0244221 162.087 0.449558 -0.892185 -0.043642 175.822 0.0414631 -0.0279621 0.998749 0.655903
-0.890693 -0.453931 0.0247722 160.687 0.452647 -0.89059 -0.0442744 176.492 0.0421594 -0.0282219 0.998712 0.725002
-0.888562 -0.457947 0.0272495 159.139 0.4568 -0.888689 -0.0395661 177.272 0.0423355 -0.0227094 0.998845 0.800752
-0.887875 -0.459357 0.0258877 157.569 0.458335 -0.887999 -0.0372463 178.069 0.0400976 -0.0212048 0.998971 0.871237
-0.887164 -0.460996 0.0205522 155.971 0.460228 -0.887174 -0.0333609 178.878 0.0336126 -0.0201379 0.999232 0.961004
-0.88748 -0.460369 0.0209835 154.407 0.459491 -0.887441 -0.0362949 179.715 0.0353306 -0.0225692 0.999121 1.02368
-0.889053 -0.457081 0.0257236 152.8 0.456169 -0.889223 -0.034534 180.54 0.0386588 -0.0189682 0.999072 1.10445
-0.891408 -0.452794 0.0192234 151.258 0.452135 -0.891418 -0.0307822 181.297 0.0310741 -0.018748 0.999341 1.17194
-0.894495 -0.446644 0.0196903 149.646 0.446224 -0.894642 -0.0223736 182.084 0.0276088 -0.0112268 0.999556 1.21508
-0.89672 -0.442129 0.0203628 148.076 0.441643 -0.896858 -0.0244304 182.872 0.0290639 -0.0129142 0.999494 1.29911
-0.898634 -0.438139 0.0221693 146.493 0.437607 -0.898815 -0.0251254 183.614 0.0309345 -0.0128771 0.999439 1.38625
-0.899651 -0.436037 0.0223795 144.925 0.435315 -0.899748 -0.0308906 184.323 0.0336053 -0.0180486 0.999272 1.43936
-0.899361 -0.43651 0.0246819 143.359 0.43555 -0.899433 -0.0362771 185.062 0.0380351 -0.021876 0.999037 1.55656
-0.897947 -0.439421 0.02451 141.811 0.438369 -0.89796 -0.0387394 185.806 0.0390319 -0.0240415 0.998949 1.66159
-0.896636 -0.442004 0.0260022 140.304 0.441212 -0.896862 -0.0311574 186.546 0.0370921 -0.0164644 0.999176 1.73307
-0.894777 -0.445547 0.0293669 138.799 0.445024 -0.895228 -0.0228032 187.305 0.03645 -0.00733484 0.999309 1.81359
-0.89293 -0.449087 0.0315783 137.331 0.448647 -0.893479 -0.0202634 188.031 0.0373146 -0.00392628 0.999296 1.89023
-0.892704 -0.44965 0.0299257 135.795 0.449266 -0.893198 -0.0188956 188.766 0.035226 -0.00342362 0.999373 1.97158
-0.893812 -0.447724 0.0253831 134.315 0.447479 -0.89417 -0.0149257 189.51 0.0293794 -0.00198242 0.999566 2.0181
-0.896266 -0.442694 0.0270214 132.852 0.442364 -0.896665 -0.0174706 190.214 0.0319633 -0.00370506 0.999482 2.08671
-0.899689 -0.435495 0.0300605 131.368 0.435001 -0.900168 -0.0217236 190.896 0.03652 -0.00646814 0.999312 2.17859
-0.903819 -0.426995 0.0280386 129.88 0.426327 -0.90417 -0.0268641 191.57 0.0368225 -0.0123266 0.999246 2.26674
-0.907669 -0.419088 0.0223986 128.429 0.418378 -0.907761 -0.0304935 192.234 0.033112 -0.018307 0.999284 2.3505
-0.91106 -0.411949 0.0163791 126.992 0.411119 -0.910761 -0.038666 192.838 0.0308459 -0.0284933 0.999118 2.40802
-0.91256 -0.408709 0.0138633 125.551 0.407735 -0.911943 -0.045952 193.441 0.0314235 -0.0362814 0.998847 2.47014
-0.912968 -0.407874 0.0113338 123.531 0.406881 -0.912126 -0.0497431 194.307 0.0306268 -0.0408023 0.998698 2.57417
-0.912193 -0.409675 0.00838551 121.573 0.408669 -0.911063 -0.0543495 195.13 0.0299054 -0.0461504 0.998487 2.66647
-0.908816 -0.417119 0.00801483 119.774 0.416136 -0.907709 -0.0538014 195.903 0.0297167 -0.0455603 0.99852 2.77291
-0.905177 -0.424918 0.00997171 118.082 0.423818 -0.904111 -0.0544203 196.661 0.0321397 -0.0450338 0.998468 2.85775
-0.90051 -0.434729 0.0096228 116.481 0.433703 -0.899541 -0.0522198 197.385 0.0313576 -0.042851 0.998589 2.92099
-0.89482 -0.446329 0.00937258 115.114 0.445307 -0.893865 -0.0520362 198.072 0.0316031 -0.0423894 0.998601 2.98644
-0.886271 -0.463062 0.00986816 113.416 0.462335 -0.885755 -0.0410319 198.909 0.0277411 -0.031803 0.999109 3.06868
-0.875873 -0.482383 0.0123731 112.102 0.481669 -0.875544 -0.0376528 199.609 0.0289963 -0.0270193 0.999214 3.1524
-0.863166 -0.504723 0.0141206 110.758 0.504059 -0.862988 -0.0342912 200.381 0.0294935 -0.0224814 0.999312 3.24651
-0.853587 -0.519743 0.0354512 109.567 0.518393 -0.854162 -0.0409389 201.157 0.0515587 -0.0165673 0.998533 3.29783
-0.812963 -0.580892 0.0407008 108.348 0.579294 -0.813878 -0.0449569 201.88 0.0592406 -0.0129705 0.99816 3.37711
-0.73407 -0.678134 0.0357196 107.355 0.677141 -0.734933 -0.0367946 202.854 0.0512032 -0.0028226 0.998684 3.43401
-0.581747 -0.812821 0.0298756 106.414 0.812694 -0.582369 -0.0193748 204.084 0.0331468 0.0130085 0.999366 3.48042
-0.338327 -0.940399 0.0344333 105.761 0.94072 -0.338926 -0.0132121 205.767 0.024095 0.0279221 0.99932 3.5455
-0.0275997 -0.998853 0.0391209 105.572 0.999414 -0.028366 -0.0191701 207.79 0.0202578 0.0385689 0.999051 3.61056
0.195772 -0.979398 0.0495329 105.951 0.980602 0.195018 -0.019669 209.647 0.009604 0.0524227 0.998579 3.6202
0.324613 -0.944622 0.0481261 106.478 0.945836 0.323943 -0.0213575 211.123 0.00458467 0.0524523 0.998613 3.61872
0.404517 -0.913024 0.0524749 107.288 0.914524 0.404063 -0.019458 212.746 -0.00343761 0.0558607 0.998433 3.61018
0.442251 -0.895149 0.0558824 108.167 0.896862 0.441881 -0.0194864 214.493 -0.00725017 0.0587367 0.998247 3.60139
0.460894 -0.88553 0.058418 109.129 0.887429 0.460383 -0.0227243 216.375 -0.00677163 0.0623153 0.998034 3.5869
0.466903 -0.882372 0.058487 110.151 0.884256 0.466577 -0.01996 218.386 -0.00967654 0.0610369 0.998089 3.58807
0.467465 -0.881889 0.061224 110.863 0.883919 0.467294 -0.0179608 219.773 -0.0127702 0.0625131 0.997962 3.56253
0.464796 -0.882982 0.0656335 111.568 0.88537 0.464263 -0.0240783 221.172 -0.00921052 0.0693014 0.997553 3.55707
0.463191 -0.884258 0.0595125 112.343 0.886258 0.462231 -0.0298306 222.664 -0.00113057 0.0665606 0.997782 3.53795
0.462711 -0.884953 0.0525106 113.154 0.886492 0.462256 -0.0212342 224.237 -0.0054821 0.0563756 0.998395 3.56468
0.462762 -0.88452 0.0589536 113.985 0.886335 0.462876 -0.0125369 225.8 -0.016199 0.0580542 0.998182 3.54229
0.461243 -0.885102 0.0620396 114.803 0.887219 0.460865 -0.02113 227.439 -0.00988964 0.0647888 0.99785 3.57938
0.459741 -0.886059 0.0594722 115.683 0.888053 0.458699 -0.0309287 229.161 0.000124753 0.0670337 0.997751 3.54334
0.458548 -0.886889 0.0562195 116.553 0.888669 0.457597 -0.0295295 230.892 0.000463563 0.0635012 0.997982 3.56343
0.457215 -0.887411 0.0587924 117.46 0.8893 0.45693 -0.0189868 232.667 -0.0100149 0.0609651 0.99809 3.55637
0.458338 -0.886643 0.0615633 118.392 0.888674 0.458246 -0.0164406 234.467 -0.0136342 0.062245 0.997968 3.53452
0.458282 -0.886763 0.0602422 119.306 0.88877 0.457824 -0.0220113 236.315 -0.00806158 0.0636289 0.997941 3.54555
0.457232 -0.887352 0.0595348 120.265 0.889323 0.456692 -0.0231937 238.197 -0.00660806 0.0635505 0.997957 3.54732
0.454263 -0.888523 0.0645948 121.219 0.890797 0.453943 -0.0203975 240.043 -0.0111987 0.0668067 0.997703 3.52928
0.451152 -0.889858 0.0679268 122.155 0.892426 0.450359 -0.0274373 241.933 -0.00617618 0.072998 0.997313 3.52424
0.449109 -0.891048 0.0658392 123.123 0.893477 0.447875 -0.0332653 243.838 0.000153202 0.0737656 0.997276 3.5533
0.445457 -0.893393 0.0584468 124.047 0.895295 0.444785 -0.024763 245.695 -0.00387314 0.063358 0.997983 3.58152
0.442447 -0.894594 0.0627949 124.964 0.896732 0.442156 -0.0192146 247.649 -0.0105759 0.0648117 0.997841 3.55352
0.441093 -0.894947 0.0671335 125.909 0.897375 0.440852 -0.0191597 249.517 -0.012449 0.0686952 0.99756 3.56568
0.44131 -0.894388 0.0729112 126.82 0.897324 0.440507 -0.0276153 251.413 -0.00741912 0.0776118 0.996956 3.55354
0.44151 -0.894766 0.0667946 127.767 0.897252 0.440509 -0.02985 253.314 -0.00271477 0.0731107 0.99732 3.58775
0.441845 -0.894659 0.0660094 128.636 0.897072 0.441124 -0.0259278 255.138 -0.00592178 0.0706712 0.997482 3.5918
0.442695 -0.894242 0.0659798 129.566 0.896634 0.442159 -0.0233121 257.043 -0.00832685 0.0694799 0.997549 3.57807
0.443254 -0.89431 0.0611166 130.483 0.896274 0.443288 -0.0137383 258.911 -0.014806 0.0608668 0.998036 3.56074
0.443699 -0.894012 0.0622324 131.377 0.896071 0.443638 -0.0155547 260.729 -0.0137026 0.0626663 0.997941 3.58335
0.444986 -0.893204 0.0646122 132.22 0.895507 0.444404 -0.0239192 262.54 -0.00734915 0.0685044 0.997624 3.55783
0.445847 -0.893435 0.054713 133.129 0.895096 0.445338 -0.021847 264.385 -0.00484687 0.0587138 0.998263 3.55706
0.445533 -0.893775 0.0516476 134.059 0.895239 0.445221 -0.0180371 266.275 -0.00687349 0.054273 0.998502 3.58977
0.445115 -0.893547 0.0587041 134.949 0.895414 0.44488 -0.0177322 268.096 -0.0102717 0.0604574 0.998118 3.58687
0.446133 -0.892917 0.0605396 135.853 0.894904 0.445878 -0.0184153 269.984 -0.0105499 0.0623928 0.997996 3.5687
0.447823 -0.891947 0.062339 136.786 0.894063 0.447507 -0.0197264 271.84 -0.0103022 0.0645689 0.99786 3.57884
0.448729 -0.891426 0.0632648 137.708 0.893599 0.448448 -0.0193721 273.681 -0.0111022 0.0652262 0.997809 3.54499
0.449533 -0.890726 0.0672904 138.649 0.893223 0.448956 -0.0243125 275.611 -0.00855464 0.0710346 0.997437 3.52632
0.449575 -0.891115 0.0616128 139.61 0.893226 0.448921 -0.0248581 277.542 -0.00550787 0.0662097 0.997791 3.56494
0.449462 -0.890922 0.0651299 140.585 0.893225 0.449172 -0.0198561 279.495 -0.0115643 0.0671002 0.997679 3.54216
0.449894 -0.890456 0.0684403 141.551 0.892948 0.449833 -0.017172 281.434 -0.0154958 0.0688392 0.997507 3.51738
0.449407 -0.890026 0.0767282 142.546 0.893205 0.449107 -0.0221014 283.383 -0.0147883 0.0784666 0.996807 3.51058
0.448822 -0.890161 0.0785624 143.487 0.893553 0.448131 -0.0272114 285.275 -0.0109838 0.0824128 0.996538 3.52402
0.448612 -0.890059 0.0808873 144.464 0.893628 0.448065 -0.0258222 287.18 -0.0132595 0.0838673 0.996389 3.51777
0.447611 -0.890241 0.0843567 145.429 0.894067 0.447328 -0.0232887 289.085 -0.0170026 0.0858448 0.996163 3.54786
0.446807 -0.889741 0.0934005 146.388 0.894549 0.445729 -0.033269 291.006 -0.0120305 0.0984162 0.995073 3.53526
0.446241 -0.890027 0.0933829 147.308 0.894848 0.445032 -0.0345564 292.841 -0.0108023 0.098984 0.99503 3.52603
0.443961 -0.89085 0.0963545 148.218 0.895932 0.443047 -0.0318641 294.691 -0.0143034 0.100474 0.994837 3.5298
0.441824 -0.891529 0.0998389 149.113 0.896912 0.441274 -0.0287327 296.481 -0.0184403 0.102242 0.994589 3.53388
0.439757 -0.891471 0.109056 149.963 0.897959 0.438699 -0.0348138 298.256 -0.0168072 0.113237 0.993426 3.53717
0.438516 -0.892095 0.108948 150.815 0.898606 0.437185 -0.0371049 300.01 -0.0145292 0.114172 0.993355 3.53149
0.437376 -0.892744 0.108219 151.638 0.899171 0.436008 -0.0372649 301.737 -0.0139162 0.113606 0.993428 3.53139
0.436306 -0.893399 0.107127 152.463 0.899665 0.435191 -0.0348155 303.416 -0.0155166 0.111568 0.993636 3.53081
0.437091 -0.893352 0.104277 153.244 0.899343 0.435599 -0.0378942 305.024 -0.0115702 0.110344 0.993826 3.54043
0.439496 -0.891951 0.106147 153.998 0.898146 0.438117 -0.0372419 306.604 -0.013287 0.111703 0.993653 3.52281
0.441812 -0.890211 0.111026 154.717 0.896993 0.440343 -0.0387599 308.094 -0.014385 0.116714 0.993061 3.52765
0.444762 -0.88811 0.115962 155.413 0.89548 0.443447 -0.0383385 309.478 -0.017374 0.120893 0.992514 3.52278
0.447227 -0.886494 0.118812 156.072 0.894184 0.4462 -0.0366058 310.847 -0.0205632 0.122611 0.992242 3.4859
0.451469 -0.884117 0.120472 156.976 0.892156 0.449581 -0.0439879 312.63 -0.0152713 0.127339 0.991742 3.52167
0.453582 -0.883413 0.11766 157.842 0.891072 0.451898 -0.0421696 314.343 -0.0159173 0.123971 0.992158 3.51483
0.448303 -0.885936 0.118921 158.585 0.893716 0.4468 -0.0405186 315.778 -0.0172369 0.124446 0.992077 3.52403
0.412828 -0.903612 0.114271 159.359 0.910794 0.410274 -0.0461371 317.478 -0.00519251 0.123124 0.992378 3.51336
0.326447 -0.938778 0.110128 159.891 0.945208 0.323756 -0.0419981 319.187 0.00377237 0.117804 0.99303 3.53086
0.174266 -0.978637 0.109088 160.19 0.98457 0.171382 -0.0353551 320.939 0.0159041 0.113566 0.993403 3.59216
-0.0860404 -0.991679 0.0957583 160.051 0.995899 -0.0883071 -0.0196822 323.105 0.0279745 0.0936721 0.99521 3.66017
-0.325489 -0.940368 0.0988211 159.476 0.944772 -0.327668 -0.00622328 324.913 0.0382327 0.0913379 0.995086 3.78215
-0.506222 -0.854914 0.11341 158.737 0.86049 -0.509468 0.000420636 326.233 0.0574192 0.0978012 0.993548 3.87857
-0.673064 -0.729867 0.119498 157.672 0.734497 -0.67857 -0.00755198 327.381 0.0865996 0.0826878 0.992806 3.98075
-0.804853 -0.583131 0.11032 156.433 0.586832 -0.809708 0.00133759 328.311 0.0885466 0.0658156 0.993895 4.17963
-0.881567 -0.464245 0.0855367 154.889 0.464442 -0.885404 -0.018798 329.043 0.0844614 0.0231552 0.996158 4.3047
-0.912584 -0.402384 0.0726419 153.23 0.401883 -0.915426 -0.0220364 329.812 0.0753654 0.00908352 0.997115 4.51577
-0.918183 -0.386234 0.0881074 151.544 0.384274 -0.922399 -0.0388997 330.44 0.0962945 -0.00185963 0.995351 4.60632
-0.917293 -0.38725 0.0927957 149.641 0.385913 -0.921956 -0.0326694 331.169 0.0982048 0.0058437 0.995149 4.86948
-0.916388 -0.390745 0.0869015 147.72 0.388942 -0.920499 -0.037503 331.933 0.0946469 -0.000567642 0.995511 5.06132
-0.913157 -0.398152 0.0872834 146.337 0.395799 -0.917304 -0.0435344 332.519 0.0973988 -0.00520705 0.995232 5.20262
-0.909862 -0.406465 0.0832954 144.927 0.40383 -0.91362 -0.0471171 333.086 0.0952518 -0.00923283 0.99541 5.35401
-0.906981 -0.413725 0.0788487 143.448 0.411461 -0.910373 -0.0438334 333.731 0.0899166 -0.0073129 0.995923 5.54286
-0.904328 -0.418851 0.082186 141.934 0.416445 -0.90803 -0.0453397 334.392 0.0936179 -0.00677598 0.995585 5.69501
-0.901665 -0.425306 0.0781946 140.388 0.422765 -0.904998 -0.0474246 335.122 0.0909359 -0.00970318 0.99581 5.85315
-0.900059 -0.430269 0.0690081 138.778 0.428114 -0.902643 -0.0442143 335.878 0.0813138 -0.0102522 0.996636 6.01594
-0.897862 -0.434647 0.0701845 137.115 0.433171 -0.900599 -0.0358401 336.665 0.0787859 -0.00177755 0.99689 6.18709
-0.896095 -0.437629 0.0741298 135.502 0.43558 -0.899136 -0.0427116 337.452 0.0853446 -0.00598416 0.996334 6.3382
-0.896115 -0.437699 0.0734653 133.813 0.435564 -0.899092 -0.0437844 338.25 0.0852165 -0.00723701 0.996336 6.51753
-0.897026 -0.436104 0.07182 132.163 0.433953 -0.899857 -0.0440615 339.054 0.0838432 -0.00835774 0.996444 6.7056
-0.898182 -0.434477 0.0670723 130.474 0.431884 -0.900542 -0.0500005 339.877 0.0821254 -0.0159421 0.996494 6.85336
-0.899146 -0.432208 0.0687975 128.834 0.429916 -0.901697 -0.0459784 340.622 0.0819067 -0.0117641 0.996571 7.04735
-0.900263 -0.429404 0.0716835 127.197 0.427061 -0.903047 -0.0461043 341.417 0.0845309 -0.0108928 0.996361 7.22581
-0.902881 -0.424554 0.067528 125.49 0.421747 -0.905211 -0.052181 342.185 0.0832808 -0.0186334 0.996352 7.41252
-0.906694 -0.416772 0.0648603 123.839 0.414568 -0.908904 -0.0450162 342.893 0.0777133 -0.013927 0.996879 7.59447
-0.909309 -0.411163 0.0640369 122.149 0.40859 -0.911362 -0.0497281 343.589 0.0788072 -0.0190534 0.996708 7.72342
-0.910267 -0.407719 0.071967 120.474 0.404949 -0.912956 -0.0502729 344.358 0.0861999 -0.0166188 0.996139 7.94818
-0.911602 -0.405394 0.0681002 118.816 0.402664 -0.913952 -0.0505349 345.054 0.0827269 -0.0186462 0.996398 8.10366
-0.910599 -0.407074 0.0714159 117.169 0.404708 -0.913308 -0.0456112 345.772 0.0837919 -0.0126309 0.996403 8.29549
-0.907702 -0.413709 0.0701502 115.547 0.410851 -0.910226 -0.05187 346.481 0.0853117 -0.0182613 0.996187 8.45134
-0.904657 -0.420907 0.0665822 113.902 0.418024 -0.906877 -0.0532052 347.235 0.0827763 -0.0202995 0.996361 8.60865
-0.900271 -0.43052 0.0645359 112.273 0.427761 -0.902368 -0.0524748 347.94 0.0808266 -0.0196356 0.996535 8.78002
-0.895853 -0.439549 0.065142 110.666 0.436831 -0.898034 -0.0520945 348.694 0.0813978 -0.018213 0.996515 8.96388
-0.89101 -0.448886 0.0678409 109.08 0.446073 -0.893429 -0.0529485 349.452 0.0843789 -0.0169156 0.99629 9.10193
-0.886369 -0.457991 0.0677815 107.532 0.455144 -0.8888 -0.0536509 350.234 0.0848158 -0.0167041 0.996257 9.29582
-0.882797 -0.465169 0.0654769 105.979 0.462493 -0.88508 -0.0522905 351.016 0.0822761 -0.0158793 0.996483 9.4558
-0.879272 -0.472093 0.0633245 104.49 0.469662 -0.881436 -0.0498884 351.824 0.0793685 -0.0141244 0.996745 9.61335
-0.87691 -0.476006 0.0666818 102.977 0.473947 -0.879407 -0.0449085 352.597 0.0800172 -0.00777712 0.996763 9.7565
-0.875412 -0.478299 0.0698866 101.552 0.476324 -0.878183 -0.043708 353.399 0.0822787 -0.00497387 0.996597 9.92989
-0.874935 -0.478649 0.0733684 100.191 0.476805 -0.878004 -0.0420199 354.109 0.0845306 -0.00178225 0.996419 10.1064
-0.876747 -0.474894 0.0760945 98.9404 0.473302 -0.880041 -0.0388983 354.789 0.0854388 0.0019117 0.996342 10.2493
-0.883006 -0.463523 0.0737965 97.1889 0.462369 -0.886071 -0.0330591 355.733 0.0807126 0.00492983 0.996725 10.4159
-0.891187 -0.446705 0.0789949 95.5667 0.445806 -0.894638 -0.0296527 356.566 0.0839178 0.00879026 0.996434 10.5974
-0.901293 -0.426375 0.0766484 93.9265 0.425222 -0.904537 -0.0315961 357.316 0.0828031 0.00411528 0.996557 10.7745
-0.90917 -0.407873 0.08396 92.2868 0.406212 -0.913038 -0.0367778 358.012 0.0916594 0.00066828 0.99579 10.9601
-0.915599 -0.392176 0.0887505 90.6923 0.389999 -0.919884 -0.041399 358.701 0.0978759 -0.00329226 0.995193 11.1218
-0.920964 -0.379162 0.0897839 89.0068 0.376721 -0.92531 -0.0433884 359.385 0.0995292 -0.0061357 0.995016 11.327
-0.924156 -0.371484 0.0890802 87.2461 0.368184 -0.92832 -0.0515989 360.02 0.101863 -0.0148875 0.994687 11.4953
-0.925244 -0.368565 0.0899073 85.4777 0.365277 -0.929488 -0.0512353 360.753 0.102451 -0.0145641 0.994631 11.7192
-0.926127 -0.370024 0.0732935 83.5535 0.367133 -0.928818 -0.0501097 361.461 0.0866181 -0.0194994 0.996051 11.9016
-0.923764 -0.378212 0.0601343 81.5462 0.375533 -0.925386 -0.0513467 362.252 0.0750674 -0.0248498 0.996869 12.0993
-0.919244 -0.386631 0.0742099 80.1474 0.382605 -0.921763 -0.0629838 362.785 0.0927553 -0.0295044 0.995252 12.2432
-0.917471 -0.393778 0.0564512 78.6596 0.391068 -0.918812 -0.0533957 363.413 0.0728941 -0.0269127 0.996976 12.39
-0.914628 -0.400234 0.0571759 77.1987 0.397705 -0.916106 -0.0508007 364.031 0.0727114 -0.0237245 0.997071 12.5051
-0.910001 -0.407499 0.0764323 75.6657 0.403318 -0.912778 -0.0645894 364.731 0.0960859 -0.0279499 0.994981 12.6411
-0.906893 -0.416631 0.0629496 74.0123 0.412506 -0.908338 -0.0689941 365.423 0.0859247 -0.0366032 0.995629 12.8236
-0.900642 -0.429498 0.0661531 72.3707 0.425234 -0.902409 -0.0695303 366.149 0.0895603 -0.0344914 0.995384 12.9811
-0.892478 -0.442298 0.0886393 70.7082 0.436832 -0.896431 -0.0747615 366.944 0.112526 -0.0280025 0.993254 13.1793
-0.887317 -0.454652 0.0772042 68.9336 0.450559 -0.890374 -0.0650489 367.823 0.0983153 -0.0229339 0.994891 13.4301
-0.882785 -0.464353 0.0711874 67.2177 0.461533 -0.885541 -0.0529573 368.756 0.0876302 -0.0138946 0.996056 13.5993
-0.879951 -0.468931 0.0760863 65.4555 0.466004 -0.883157 -0.0536129 369.671 0.0923369 -0.0117203 0.995659 13.7832
-0.879598 -0.469399 0.077274 63.7033 0.466754 -0.882947 -0.0504501 370.581 0.0919101 -0.00830791 0.995733 13.9902
-0.880764 -0.467846 0.0733121 61.9003 0.465376 -0.883766 -0.0488247 371.503 0.0876331 -0.00888537 0.996113 14.2077
-0.884403 -0.461015 0.0727806 60.1121 0.459003 -0.887379 -0.04331 372.434 0.0845505 -0.00489698 0.996407 14.3816
-0.886107 -0.455119 0.0876386 58.3303 0.453357 -0.890421 -0.0402149 373.34 0.0963379 0.00409686 0.99534 14.5751
-0.890085 -0.447696 0.085537 56.5416 0.446006 -0.894179 -0.0390207 374.192 0.0939549 0.00341827 0.995571 14.8062
-0.892769 -0.443064 0.0815924 54.7845 0.441968 -0.896459 -0.0320284 375.077 0.0873349 0.00746731 0.996151 15.0056
-0.89468 -0.438759 0.0838928 53.0206 0.437246 -0.898596 -0.0366194 375.902 0.0914528 0.00391912 0.995802 15.1767
-0.895986 -0.435608 0.0863473 51.2775 0.433719 -0.900136 -0.040543 376.726 0.0953852 0.00112452 0.99544 15.418
-0.898778 -0.430697 0.0818489 49.5102 0.429008 -0.902496 -0.0381093 377.549 0.0902819 0.00086213 0.995916 15.6258
-0.902647 -0.423571 0.076267 47.7127 0.422693 -0.905837 -0.0281099 378.371 0.080992 0.00686422 0.996691 15.8269
-0.905117 -0.417518 0.0802704 45.945 0.416492 -0.908647 -0.0299213 379.16 0.0854301 0.00634973 0.996324 16.0045
-0.906291 -0.413845 0.0858382 44.2417 0.412304 -0.910342 -0.0358054 379.943 0.0929601 0.00294132 0.995665 16.1819
-0.908351 -0.410407 0.0803999 42.411 0.409547 -0.911869 -0.0276835 380.741 0.0846757 0.00778118 0.996378 16.4106
