0.480565 -0.87665 0.0232865 0.687383 0.876925 0.48061 -0.00401009 0.55236 -0.0076763 0.0223477 0.999721 0.786151
0.478098 -0.878066 0.0205796 1.51693 0.878301 0.478052 -0.00741502 2.10924 -0.00332725 0.0216202 0.999761 0.7762
0.474669 -0.880063 0.0133412 2.35939 0.880161 0.474652 -0.0046354 3.69945 -0.00225296 0.0139427 0.9999 0.779372
0.472459 -0.881208 0.0159534 3.21263 0.881342 0.472465 -0.00361754 5.34664 -0.00434961 0.0157695 0.999866 0.798616
0.469838 -0.882588 0.0170806 4.02661 0.882743 0.469836 -0.00435252 6.97544 -0.00418357 0.0171227 0.999845 0.791091
0.468151 -0.88347 0.0177933 4.89981 0.883637 0.468154 -0.00425184 8.6391 -0.00457364 0.0177133 0.999833 0.811146
0.468535 -0.883235 0.0192809 5.78049 0.883375 0.468661 0.00239564 10.2775 -0.0111521 0.0159098 0.999812 0.808981
0.471425 -0.881601 0.0232456 6.71011 0.881782 0.471637 0.0043795 11.971 -0.0148244 0.0184329 0.999721 0.789738
0.475001 -0.879692 0.0227698 7.53955 0.879935 0.475093 -0.00150977 13.6532 -0.00948962 0.020753 0.99974 0.781349
0.476011 -0.879296 0.015961 8.46429 0.879408 0.476071 -2.89773e-05 15.2992 -0.00757308 0.01405 0.999873 0.809968
0.47566 -0.879273 0.025044 9.41733 0.879509 0.475874 0.00302064 17.0682 -0.0145738 0.0205897 0.999682 0.787256
0.474121 -0.879609 0.0387262 10.3586 0.880376 0.474228 -0.00696307 18.7949 -0.0122402 0.0373949 0.999226 0.77227
0.470466 -0.88174 0.034597 11.2779 0.882383 0.470438 -0.00946021 20.5377 -0.00793426 0.0349785 0.999357 0.76208
0.468852 -0.882745 0.0306641 12.2041 0.8832 0.468989 -0.00302535 22.295 -0.0117105 0.0285009 0.999526 0.763597
0.466853 -0.883663 0.0344854 13.1757 0.884206 0.467097 -0.00110849 24.0853 -0.0151284 0.0310097 0.999405 0.742746
0.465918 -0.884146 0.0347552 14.0882 0.884584 0.466354 0.00521869 25.8849 -0.0208223 0.0283124 0.999383 0.702011
0.466091 -0.884044 0.0350464 15.0242 0.884498 0.466522 0.00483296 27.6656 -0.0206224 0.0287458 0.999375 0.700483
0.465779 -0.884315 0.0322278 15.9458 0.884726 0.466104 0.00297194 29.4498 -0.0176496 0.0271285 0.999477 0.6956
0.464019 -0.885122 0.0353312 16.8361 0.885604 0.464428 0.00390224 31.2151 -0.0198627 0.0294787 0.999369 0.668147
0.463369 -0.885598 0.0317461 17.7227 0.886055 0.463582 -0.000740629 32.9656 -0.014061 0.028472 0.999497 0.6716
0.462907 -0.885896 0.0301354 18.6431 0.886289 0.463135 0.000639131 34.7091 -0.0145229 0.0264128 0.999546 0.662725
0.462166 -0.88614 0.0340574 19.5184 0.886591 0.462542 0.00365247 36.4508 -0.0189895 0.0285069 0.999414 0.636597
0.462051 -0.886032 0.0382074 20.4241 0.886676 0.462394 0.000162675 38.1499 -0.017811 0.0338024 0.999271 0.633747
0.460645 -0.886619 0.0414231 21.3389 0.88733 0.461131 0.00251707 39.8649 -0.0213331 0.0355964 0.999139 0.632811
0.458723 -0.887352 0.0466961 22.2171 0.888133 0.459526 0.00757145 41.5439 -0.0281766 0.0379992 0.998881 0.598631
0.456074 -0.888719 0.0466446 23.038 0.889694 0.456558 -0.000312273 43.2057 -0.0210184 0.0416419 0.998912 0.580421
0.454574 -0.889921 0.0374803 23.8562 0.890582 0.454818 -0.0022359 44.8358 -0.0150569 0.0343956 0.999295 0.56681
0.452419 -0.891079 0.0359976 24.6556 0.8916 0.452813 0.0032244 46.4659 -0.0191734 0.0306367 0.999347 0.557062
0.450196 -0.892184 0.0365004 25.3899 0.892703 0.450627 0.00413929 48.0007 -0.0201411 0.0307206 0.999326 0.549541
0.447505 -0.893494 0.0375307 26.1648 0.894024 0.44799 0.00520621 49.4866 -0.021465 0.0312235 0.999282 0.53714
0.444899 -0.894819 0.0369577 26.8909 0.895276 0.445446 0.00773016 50.992 -0.0233797 0.0296482 0.999287 0.515236
0.442373 -0.896077 0.0367944 27.5724 0.896361 0.443097 0.0142249 52.4064 -0.0290501 0.0266884 0.999222 0.463378
0.440597 -0.896965 0.036447 28.2166 0.897462 0.44106 0.00538583 53.7691 -0.0209062 0.0303368 0.999322 0.478722
0.438523 -0.898343 0.0260499 29.1246 0.898582 0.43878 0.00486196 55.6534 -0.0157979 0.0212759 0.999649 0.497546
0.436501 -0.899118 0.032479 29.9561 0.899629 0.436647 -0.00281726 57.368 -0.0116488 0.0304488 0.999469 0.52334
0.4434 -0.895748 0.0321447 30.7211 0.896273 0.443471 -0.00527014 58.9619 -0.00953454 0.0311472 0.99947 0.513072
0.458677 -0.887661 0.0409199 31.5332 0.888403 0.459065 9.85996e-05 60.4244 -0.0188724 0.0363081 0.999163 0.546414
0.496394 -0.867499 0.032251 32.2035 0.867801 0.496853 0.0077162 61.8149 -0.0227178 0.0241572 0.999451 0.513013
0.591886 -0.805021 0.0401608 33.354 0.805413 0.592641 0.009362 63.268 -0.0313375 0.0268048 0.99915 0.48664
0.725613 -0.686881 0.0409919 34.4665 0.687069 0.726501 0.0115621 64.5025 -0.0377224 0.0197746 0.999093 0.448592
0.867588 -0.495788 0.0385614 35.8397 0.49582 0.868375 0.00940427 65.3589 -0.0381482 0.0109605 0.999213 0.387437
0.978943 -0.199381 0.0438115 37.7356 0.199161 0.979922 0.00936907 65.8224 -0.0447999 -0.000446228 0.998997 0.337258
0.991187 0.126409 0.0396158 39.9649 -0.126615 0.991948 0.00273974 65.6767 -0.0389505 -0.00773155 0.999212 0.272812
0.951844 0.303881 0.0406378 41.6707 -0.304281 0.952575 0.00390767 65.2252 -0.0375231 -0.0160848 0.999167 0.184875
0.920224 0.39091 0.0194542 43.1766 -0.390929 0.920416 -0.00292882 64.5377 -0.0190508 -0.00491002 0.999807 0.166476
0.89403 0.447103 0.0284778 44.9141 -0.447261 0.894403 -0.000911373 63.6507 -0.0258781 -0.0119222 0.999595 0.134473
0.879402 0.475455 0.0243855 46.2348 -0.475352 0.879737 -0.0102421 62.8666 -0.0263224 -0.00258475 0.999651 0.0803941
0.870856 0.491013 0.0227629 47.7894 -0.490919 0.871149 -0.00989015 62.0595 -0.0246861 -0.00256187 0.999693 0.0479904
0.864239 0.502646 0.0209847 49.4328 -0.502461 0.864492 -0.0136698 61.1092 -0.0250122 0.00126996 0.999687 -0.00843784
0.862804 0.505178 0.0191405 51.1745 -0.504874 0.862992 -0.0186398 60.0707 -0.0259346 0.00641892 0.999644 -0.0406391
0.865465 0.500691 0.0167402 52.4073 -0.500286 0.865546 -0.0233298 59.3157 -0.0261704 0.0118163 0.999588 -0.0744991
0.870273 0.492263 0.0174275 53.734 -0.491842 0.870365 -0.0236142 58.5963 -0.0267926 0.0119792 0.99957 -0.112195
0.874226 0.485073 0.0208562 55.1017 -0.484619 0.874413 -0.0233726 57.8147 -0.0295743 0.0103256 0.99951 -0.17823
0.878212 0.477765 0.0220365 56.5382 -0.477278 0.878425 -0.0240097 57.0886 -0.0308284 0.0105681 0.99947 -0.213548
0.880494 0.473756 0.0169562 57.9457 -0.473432 0.880605 -0.0199227 56.3576 -0.0243703 0.00951422 0.999659 -0.261819
0.881197 0.472343 0.0196157 59.4326 -0.472265 0.881414 -0.00870666 55.5993 -0.0214021 -0.00159152 0.999771 -0.27667
0.881495 0.471707 0.0214812 60.8763 -0.471632 0.881753 -0.0087389 54.8478 -0.0230633 -0.00242791 0.999732 -0.267494
0.881167 0.472145 0.0250051 62.3363 -0.472164 0.881494 -0.0054849 54.0949 -0.0246315 -0.00697342 0.999673 -0.282311
0.880756 0.472926 0.0247274 63.793 -0.47299 0.881061 -0.00353558 53.335 -0.0234584 -0.00858182 0.999689 -0.309741
0.878137 0.477616 0.0275639 65.284 -0.477808 0.878465 0.000434956 52.5741 -0.0240062 -0.0135522 0.999621 -0.34438
0.873754 0.485159 0.0343015 66.7719 -0.485611 0.874156 0.00580795 51.7877 -0.0271671 -0.0217319 0.999396 -0.358765
0.865226 0.500281 0.0332387 68.2126 -0.500704 0.865603 0.00533386 51.0075 -0.026103 -0.0212577 0.999434 -0.39106
0.854624 0.518181 0.0332836 69.6199 -0.518575 0.855024 0.00389369 50.173 -0.0264406 -0.0205877 0.999439 -0.399939
0.843204 0.536478 0.0346345 70.9726 -0.53689 0.843647 0.00317592 49.3305 -0.0275155 -0.0212729 0.999396 -0.417934
0.830931 0.555297 0.0346349 72.3047 -0.555712 0.83137 0.00291297 48.4701 -0.0271769 -0.0216675 0.999397 -0.463866
0.818568 0.573381 0.0343825 73.5621 -0.573861 0.818936 0.00529625 47.6316 -0.0251203 -0.0240661 0.999396 -0.478071
0.80769 0.58864 0.0337731 74.8044 -0.589125 0.808021 0.00583323 46.714 -0.0238557 -0.024608 0.999414 -0.496698
0.797165 0.602902 0.0322165 75.9678 -0.603298 0.797509 0.0033589 45.8 -0.0236678 -0.0221137 0.999476 -0.489541
0.789145 0.613418 0.0311525 77.1593 -0.61366 0.789569 -0.00222181 44.8854 -0.0259599 -0.0173637 0.999514 -0.508157
0.782885 0.62124 0.0339803 78.7794 -0.621362 0.783483 -0.00810737 43.6399 -0.0316596 -0.0147669 0.999391 -0.562379
0.786241 0.617357 0.0264258 80.3225 -0.617242 0.786663 -0.0132918 42.4007 -0.028994 -0.00586049 0.999564 -0.575835
0.799962 0.59946 0.0266769 81.7941 -0.599369 0.800382 -0.0121642 41.2921 -0.0286436 -0.00625838 0.999572 -0.61117
0.8298 0.55765 0.0214818 83.1859 -0.557585 0.830067 -0.00946111 40.3143 -0.0231073 -0.00412708 0.999726 -0.60616
0.874041 0.485484 0.0189869 84.5767 -0.485523 0.874221 -0.00283244 39.5312 -0.0179738 -0.00674285 0.999817 -0.605927
0.927992 0.371674 0.026283 86.0023 -0.371744 0.928334 -0.00237372 38.9248 -0.0252816 -0.0075677 0.999653 -0.649369
0.986721 0.159513 0.0306502 87.9324 -0.159505 0.987194 -0.00273457 38.6603 -0.0306939 -0.00219057 0.999528 -0.662037
0.993437 -0.113537 0.0139253 89.884 0.113615 0.993513 -0.00496953 38.8818 -0.0132708 0.00651907 0.999892 -0.70883
0.92367 -0.382529 0.0225207 91.7459 0.382719 0.923854 -0.00466877 39.5286 -0.0190199 0.0129315 0.999737 -0.731289
0.806841 -0.589775 0.034278 93.3462 0.589877 0.807454 0.00811916 40.5523 -0.0324663 0.0136689 0.999381 -0.73872
0.735876 -0.676681 0.0243433 94.4248 0.676536 0.736258 0.0149978 41.4552 -0.0280716 0.00543265 0.999593 -0.789835
0.698181 -0.715424 0.0267277 95.4844 0.715424 0.698602 0.0112489 42.6638 -0.0267197 0.0112678 0.999581 -0.82371
0.682994 -0.730341 0.0111575 96.5011 0.730011 0.683041 0.0232762 43.8251 -0.0246205 -0.00775237 0.999669 -0.888431
0.685209 -0.72833 0.00518127 97.568 0.728274 0.685223 0.00940718 45.0171 -0.0104018 -0.00267249 0.999944 -0.874148
0.69566 -0.718366 -0.00296209 98.776 0.718295 0.695519 0.0175218 46.3512 -0.0105269 -0.0143169 0.999844 -0.895393
0.704743 -0.709419 0.00806682 100.113 0.709138 0.704718 0.0223284 47.6889 -0.021525 -0.0100153 0.99972 -0.914201
0.706298 -0.707716 0.0168704 101.498 0.707753 0.706446 0.00464618 49.0552 -0.0152062 0.00865851 0.999849 -0.905322
0.704521 -0.70967 0.0046455 102.488 0.709659 0.704536 0.00394401 50.0621 -0.00607183 0.000518079 0.999984 -0.939437
0.702653 -0.711491 0.00793858 103.505 0.711407 0.702694 0.0111351 51.1252 -0.0135009 -0.00217655 0.999909 -0.934292
0.699797 -0.714178 0.0153968 104.546 0.714055 0.699964 0.0133508 52.207 -0.020312 0.00165133 0.999794 -0.95455
0.695644 -0.71836 0.00643509 105.608 0.718313 0.695674 0.00828138 53.3107 -0.0104257 -0.00113849 0.999947 -0.966617
0.690928 -0.722926 -0.000415907 106.734 0.72288 0.690878 0.0116457 54.5418 -0.0081316 -0.00834697 0.999934 -0.994853
0.68672 -0.726901 0.00585468 107.864 0.726824 0.686737 0.011027 55.7171 -0.0120361 -0.00331714 0.999924 -1.01089
0.684989 -0.728446 0.0126443 108.994 0.728428 0.685091 0.0068154 56.8785 -0.0136271 0.00454201 0.999899 -1.01177
0.684983 -0.728441 0.0132004 110.076 0.728385 0.685104 0.00957773 58.1076 -0.0160204 0.00305437 0.999869 -1.06689
0.685927 -0.727655 0.00502598 111.234 0.727569 0.68593 0.0120885 59.36 -0.0122437 -0.00463508 0.999916 -1.06059
0.689864 -0.723919 -0.00568246 112.397 0.723799 0.689552 0.0252436 60.6346 -0.0143559 -0.0215276 0.999667 -1.08423
0.692305 -0.721583 -0.00592973 113.608 0.721508 0.692049 0.0222965 61.9023 -0.0119851 -0.0197143 0.999736 -1.07389
0.69346 -0.720496 -0.00138712 114.806 0.720417 0.693352 0.0162673 63.1807 -0.0107588 -0.01228 0.999869 -1.06962
0.695568 -0.718463 -0.000213771 116.032 0.718349 0.695452 0.0180339 64.4818 -0.0128079 -0.0126973 0.99984 -1.09113
0.697148 -0.716928 0.00133111 117.212 0.716604 0.696886 0.0288643 65.7237 -0.0216213 -0.0191688 0.999585 -1.09684
0.698803 -0.715291 -0.00601972 118.385 0.715305 0.69872 0.0114869 66.9148 -0.00401032 -0.012333 0.999918 -1.10027
0.697927 -0.716159 -0.00426717 119.568 0.716162 0.697874 0.00934029 68.1209 -0.00371115 -0.00957481 0.99995 -1.04486
0.695709 -0.718018 0.0210395 120.75 0.71745 0.696008 0.0290087 69.3676 -0.0354724 -0.00508681 0.99936 -1.14008
0.694965 -0.719039 0.00329493 121.927 0.718873 0.69489 0.0187769 70.5748 -0.0157909 -0.0106806 0.999821 -1.10004
0.692669 -0.721243 -0.00465919 123.066 0.721213 0.69254 0.015617 71.7645 -0.00803695 -0.0141777 0.99987 -1.11121
0.688083 -0.725607 -0.00626846 124.191 0.725582 0.687903 0.0179715 72.9995 -0.00872813 -0.0169142 0.999821 -1.10498
0.681987 -0.731365 0.00131943 125.28 0.731323 0.681965 0.00970979 74.1486 -0.00800117 -0.00565702 0.999954 -1.06681
0.67937 -0.73379 -0.00358843 126.401 0.733738 0.679243 0.0161284 75.407 -0.00939739 -0.0135901 0.999866 -1.06176
0.67737 -0.735635 -0.00370996 127.521 0.735538 0.677178 0.020416 76.6383 -0.0125064 -0.016558 0.999787 -1.08641
0.672913 -0.739712 -0.0041111 128.63 0.739691 0.672822 0.0130456 77.8701 -0.00688393 -0.0118195 0.999909 -1.07163
0.662508 -0.749055 -0.00155359 129.672 0.748992 0.662422 0.0145435 79.0635 -0.00986469 -0.0107988 0.999895 -1.09326
0.654685 -0.755879 0.00620116 130.77 0.755465 0.654562 0.0287061 80.3026 -0.0257573 -0.0141087 0.999571 -1.16672
0.64795 -0.761675 0.00400473 131.784 0.761308 0.647786 0.0280599 81.5337 -0.0239667 -0.0151326 0.999601 -1.15509
0.638293 -0.769795 -0.000576744 132.804 0.769721 0.63822 0.0144262 82.7932 -0.0107371 -0.00965206 0.999898 -1.14463
0.627905 -0.778285 -0.00319524 133.839 0.77816 0.627718 0.0209906 84.056 -0.0143309 -0.0156665 0.999777 -1.14178
0.614637 -0.788718 -0.0122017 134.847 0.788758 0.614341 0.0212027 85.3822 -0.00922685 -0.0226561 0.999703 -1.16931
0.601996 -0.798404 -0.0124661 135.829 0.798472 0.601768 0.017895 86.7083 -0.00678572 -0.0207265 0.999765 -1.19444
0.588702 -0.808285 -0.0104551 136.803 0.808101 0.588146 0.0325684 88.0755 -0.0201754 -0.0276218 0.999417 -1.20262
0.577439 -0.816381 -0.00950965 137.761 0.816124 0.576856 0.0344003 89.4518 -0.022598 -0.0276251 0.999365 -1.22709
0.569641 -0.821767 -0.0145507 138.727 0.8217 0.569031 0.0318812 90.8451 -0.0179191 -0.0301172 0.999388 -1.21608
0.563909 -0.825441 -0.0256513 139.64 0.82579 0.563265 0.0284208 92.2357 -0.00901115 -0.0372093 0.999269 -1.23041
0.558868 -0.828974 -0.0217564 140.567 0.828958 0.557766 0.0415754 93.661 -0.0223299 -0.0412702 0.998901 -1.27578
0.552632 -0.833294 -0.0149294 141.439 0.832985 0.551667 0.0424527 95.0312 -0.0271395 -0.0358966 0.998989 -1.27909
0.543023 -0.839646 -0.0111616 142.354 0.839556 0.542606 0.0269823 96.3772 -0.0165992 -0.0240228 0.999576 -1.2914
0.531162 -0.847074 -0.0183274 143.224 0.847015 0.530342 0.036143 97.7754 -0.020896 -0.0347213 0.999181 -1.35139
0.519971 -0.854185 0.000959908 144.11 0.853782 0.519759 0.0301807 99.1748 -0.0262788 -0.0148736 0.999547 -1.37048
0.509794 -0.860127 0.0171919 144.99 0.859954 0.510053 0.018116 100.638 -0.0243508 0.00554879 0.999691 -1.35394
0.499616 -0.865964 0.0222306 145.836 0.866216 0.499658 -0.00401465 102.023 -0.00763115 0.0212623 0.999748 -1.33914
0.488594 -0.872307 0.0189849 146.656 0.87215 0.488902 0.0182304 103.576 -0.0251842 0.00765039 0.999656 -1.41326
0.481363 -0.87621 0.0234394 147.517 0.875884 0.481861 0.0253171 105.164 -0.0334776 0.00834349 0.999407 -1.41928
0.477599 -0.87854 0.00841537 148.26 0.878416 0.477672 0.0147644 106.588 -0.0169908 0.000340752 0.999858 -1.48684
0.473832 -0.880587 0.00727797 149.054 0.880539 0.473884 0.00940443 108.126 -0.0117303 0.00195241 0.999932 -1.39106
0.473111 -0.880921 0.0121106 149.884 0.880618 0.473266 0.0231366 109.637 -0.026113 -0.000281368 0.999662 -1.48074
0.469638 -0.882806 0.00987267 150.665 0.882589 0.469741 0.0195627 111.175 -0.0219076 -0.000473859 0.999763 -1.52829
0.466143 -0.884528 0.0180004 151.447 0.884706 0.466114 -0.00602601 112.661 -0.00306005 0.018734 0.999822 -1.47972
0.464534 -0.88545 0.0137939 152.246 0.88538 0.464696 0.0127438 114.216 -0.0176939 0.00629296 0.999826 -1.52937
0.462357 -0.886472 0.0199567 153.005 0.88646 0.462636 0.0126898 115.738 -0.0204818 0.0118235 0.999723 -1.54011
0.462506 -0.886502 0.0143676 153.775 0.886486 0.462656 0.00979029 117.278 -0.0153263 0.00820858 0.999852 -1.57123
0.461505 -0.887088 0.00962437 154.536 0.886919 0.461605 0.0172905 118.744 -0.0197808 0.000556373 0.999807 -1.57232
0.460687 -0.887506 0.0102163 155.26 0.887281 0.460801 0.0199827 120.265 -0.0224424 -0.000141087 0.999751 -1.606
0.459166 -0.888344 0.00396172 156.027 0.888205 0.459166 0.0161861 121.714 -0.0161979 -0.00391326 0.999864 -1.603
0.456306 -0.889817 0.00375026 156.766 0.889521 0.456256 0.0242232 123.211 -0.0232652 -0.00771724 0.999703 -1.62943
0.454128 -0.890827 0.0141105 157.424 0.890292 0.454345 0.0309228 124.564 -0.0339579 -0.00148041 0.999425 -1.69825
0.454577 -0.89059 0.0146313 158.124 0.890366 0.454796 0.0203231 125.894 -0.0247538 0.00378884 0.999689 -1.6388
0.457498 -0.889148 0.0107539 159.007 0.889136 0.457584 0.00762283 127.826 -0.0116986 0.00607424 0.999916 -1.67095
0.471527 -0.881732 0.0146798 159.959 0.881481 0.471746 0.0212303 129.632 -0.0256444 0.00292928 0.99967 -1.6771
0.488813 -0.872304 0.0123306 160.893 0.872105 0.488966 0.0187163 131.404 -0.0223555 0.00160474 0.999752 -1.69037
0.508679 -0.860955 0.00268528 161.849 0.860924 0.508683 0.007497 133.169 -0.00782048 -0.00150176 0.999971 -1.67999
0.522548 -0.852445 0.0168805 162.821 0.852359 0.522773 0.0140194 134.737 -0.0207754 0.00706238 0.999762 -1.65589
0.526026 -0.850391 0.0116962 163.881 0.850079 0.526151 0.0231259 136.434 -0.02582 -0.00222213 0.999667 -1.74363
0.525284 -0.850906 0.00640281 164.89 0.850512 0.525247 0.0273978 138.132 -0.026676 -0.00894597 0.999607 -1.78156
0.519485 -0.85448 -0.00192777 165.902 0.854453 0.519447 0.00952628 139.759 -0.0071386 -0.00659595 0.999956 -1.78316
0.508547 -0.861002 0.00780756 166.927 0.86033 0.508476 0.0359101 141.554 -0.0348885 -0.0115449 0.999328 -1.8533
0.50116 -0.865253 0.0134787 168.021 0.864476 0.501291 0.0373382 143.371 -0.0390636 -0.00706038 0.999215 -1.88603
0.495014 -0.868605 0.0221895 169.049 0.868395 0.495432 0.0210612 145.175 -0.0292872 0.0088436 0.999535 -1.92125
0.493007 -0.869356 0.0342042 169.85 0.869296 0.493824 0.0216342 146.431 -0.0356985 0.0190678 0.999184 -1.95716
0.49109 -0.869914 0.0456661 170.889 0.870639 0.491876 0.00718804 148.245 -0.028715 0.0362286 0.998934 -1.97951
0.488456 -0.87098 0.0530014 171.924 0.871749 0.489752 0.0142109 150.087 -0.0383349 0.0392624 0.998497 -2.06826
0.489304 -0.870436 0.0541111 172.921 0.871825 0.489802 -0.004548 151.808 -0.0225449 0.0494007 0.998528 -2.07519
0.489594 -0.870773 0.0453679 173.875 0.871656 0.490124 0.000646027 153.529 -0.0227984 0.0392288 0.998973 -2.10298
0.488709 -0.870811 0.0534601 174.879 0.871643 0.489975 0.0130184 155.255 -0.0375306 0.0402358 0.998489 -2.17199
0.476694 -0.876635 0.0654141 175.711 0.878238 0.478163 0.00802189 156.785 -0.0383108 0.053625 0.997829 -2.19079
0.439775 -0.895723 0.065451 176.414 0.897642 0.440732 0.000195183 158.192 -0.0290211 0.0586656 0.997859 -2.2666
0.344611 -0.935827 0.0740033 177.072 0.938315 0.345777 0.00315929 160.046 -0.0285451 0.0683495 0.997256 -2.26357
0.187452 -0.980454 0.0598063 177.439 0.98221 0.187803 0.000252695 161.803 -0.0114795 0.0586948 0.998213 -2.2714
-0.0865439 -0.996247 0.00274338 177.311 0.99624 -0.0865299 0.00489539 164.083 -0.0046396 0.0031567 0.999988 -2.3308
-0.313322 -0.949271 -0.0268342 176.725 0.949017 -0.31402 0.0276431 165.808 -0.0346672 -0.0168049 0.999261 -2.38072
-0.523432 -0.851773 -0.0225169 175.836 0.851282 -0.523902 0.02918 167.299 -0.0366513 -0.00389449 0.999324 -2.35974
-0.700091 -0.713969 -0.0112695 174.673 0.713707 -0.700154 0.0203061 168.551 -0.0223883 0.00617291 0.999734 -2.40407
-0.789014 -0.614309 -0.00935873 173.537 0.614093 -0.78902 0.0185337 169.461 -0.0187696 0.00887618 0.999788 -2.43169
-0.840983 -0.541023 -0.00696185 172.173 0.540928 -0.840989 0.0118938 170.247 -0.0122896 0.00623658 0.999909 -2.47073
-0.870787 -0.491614 -0.0071919 170.797 0.491596 -0.870817 0.00426309 171.038 -0.00835862 0.000176717 0.999969 -2.47361
-0.880532 -0.47396 -0.00560805 169.211 0.473977 -0.880538 -0.00230978 171.789 -0.00384337 -0.00469194 0.999986 -2.48346
-0.88264 -0.470022 -0.00572321 167.505 0.470042 -0.882643 -0.00279928 172.639 -0.00373584 -0.00516091 0.999984 -2.45869
-0.880787 -0.473518 -0.000903219 165.623 0.473519 -0.880783 -0.00271895 173.664 0.000491929 -0.00282253 1 -2.45688
-0.880621 -0.473829 2.09715e-05 164.318 0.473827 -0.880617 -0.00281293 174.379 0.00135131 -0.0024672 1 -2.4592
-0.879121 -0.476606 0.000417324 162.947 0.476602 -0.879117 -0.0032156 175.092 0.00189945 -0.00262801 0.999999 -2.4469
-0.876923 -0.480629 0.00268576 161.406 0.480634 -0.876924 0.00137345 175.917 0.00169507 0.00249525 0.999999 -2.44127
-0.876011 -0.482296 0.00127599 159.847 0.482297 -0.876003 0.00386759 176.757 -0.000747554 0.00400344 0.999996 -2.44516
-0.874766 -0.484536 -0.00391244 158.269 0.484495 -0.874758 0.00833523 177.601 -0.00746116 0.00539579 0.999961 -2.42699
-0.874925 -0.484252 -0.00363932 156.721 0.484228 -0.874926 0.00582572 178.472 -0.00600523 0.00333479 0.99998 -2.44093
-0.876762 -0.48093 0.00138245 155.144 0.480927 -0.876737 0.00692546 179.352 -0.0021186 0.00673682 0.999979 -2.43611
-0.879018 -0.476779 -0.00398027 153.626 0.476708 -0.878985 0.0118552 180.15 -0.00915089 0.00852349 0.999926 -2.43145
-0.88218 -0.470907 -0.00326766 152.041 0.470757 -0.882038 0.0201051 180.981 -0.0123498 0.016198 0.999796 -2.45668
-0.88448 -0.466579 -0.00252008 150.476 0.466453 -0.884344 0.0190669 181.825 -0.0111248 0.0156888 0.999819 -2.44072
-0.886477 -0.462779 -0.000584996 148.915 0.462689 -0.886329 0.0186237 182.608 -0.00913711 0.0162387 0.99983 -2.41795
-0.88753 -0.460757 -0.00048696 147.363 0.460712 -0.887457 0.0130691 183.363 -0.00645382 0.0113748 0.999919 -2.43267
-0.887245 -0.461303 0.00171645 145.814 0.461301 -0.887213 0.00782993 184.15 -0.0020891 0.00773885 0.999972 -2.38472
-0.885716 -0.464232 0.00146879 144.263 0.464233 -0.885701 0.00533956 184.952 -0.00117788 0.00541119 0.999989 -2.35466
-0.88429 -0.466937 0.00275405 142.791 0.466935 -0.884213 0.0120801 185.724 -0.00320547 0.0119683 0.999927 -2.35281
-0.882094 -0.471041 0.00606403 141.316 0.471062 -0.881876 0.020044 186.527 -0.00409381 0.0205372 0.999785 -2.34649
-0.879971 -0.474965 0.0081258 139.876 0.475022 -0.879698 0.0221899 187.296 -0.00339125 0.0233863 0.999725 -2.34194
-0.879722 -0.475451 0.0064223 138.352 0.475464 -0.879432 0.0232475 188.088 -0.00540515 0.0235048 0.999713 -2.32377
-0.880761 -0.47356 0.00267606 136.891 0.473434 -0.880365 0.0287201 188.875 -0.0112448 0.0265623 0.999588 -2.3476
-0.883431 -0.468547 0.00448164 135.443 0.468487 -0.883059 0.0271084 189.633 -0.00874408 0.0260479 0.999626 -2.34234
-0.8873 -0.461144 0.00720484 133.968 0.461182 -0.887022 0.02257 190.345 -0.00401722 0.023349 0.999723 -2.3097
-0.891712 -0.452584 0.00478063 132.489 0.452594 -0.891552 0.0173274 191.05 -0.00358002 0.0176147 0.999842 -2.28063
-0.895639 -0.444788 -0.00115361 131.061 0.444734 -0.895566 0.0133953 191.751 -0.00699126 0.0114842 0.999914 -2.25998
-0.899156 -0.437576 -0.00713924 129.646 0.437539 -0.899182 0.00620959 192.392 -0.00913671 0.00245967 0.999959 -2.26261
-0.900713 -0.434315 -0.00966952 128.223 0.434339 -0.900753 -0.000501408 193.043 -0.00849213 -0.00465149 0.999957 -2.26097
-0.901118 -0.433412 -0.0121254 126.229 0.433481 -0.901159 -0.00371312 193.975 -0.00931763 -0.00860206 0.999924 -2.24302
-0.900205 -0.4352 -0.0154548 124.288 0.43536 -0.900215 -0.00905886 194.857 -0.00997025 -0.0148832 0.999844 -2.23183
-0.896514 -0.442738 -0.0158745 122.514 0.4429 -0.896534 -0.00859795 195.696 -0.0104254 -0.014739 0.999841 -2.20557
-0.89268 -0.450478 -0.0140731 120.839 0.450616 -0.892679 -0.00878222 196.508 -0.00860658 -0.0141812 0.999866 -2.19066
-0.887703 -0.460192 -0.0145954 119.25 0.460321 -0.887727 -0.00717767 197.29 -0.0096537 -0.0130902 0.999872 -2.19651
-0.881612 -0.471743 -0.0150084 117.891 0.471882 -0.881633 -0.00759739 198.025 -0.00964793 -0.0137801 0.999863 -2.19351
-0.872408 -0.488574 -0.0143771 116.205 0.488587 -0.872515 0.00279627 198.92 -0.0139105 -0.004585 0.999897 -2.18813
-0.861578 -0.507483 -0.012284 114.908 0.507454 -0.861665 0.00556639 199.653 -0.0134096 -0.0014377 0.999913 -2.15573
-0.848156 -0.529646 -0.0106107 113.591 0.529579 -0.848221 0.00862994 200.465 -0.0135711 0.00170029 0.99991 -2.12991
-0.838623 -0.544619 0.0103691 112.428 0.544657 -0.838662 0.00108013 201.275 0.00810785 0.0065534 0.99995 -2.1432
-0.796346 -0.604653 0.0152627 111.223 0.604683 -0.796465 -0.00310206 202.05 0.0140318 0.00675875 0.999883 -2.12965
-0.71412 -0.699953 0.0101749 110.254 0.700018 -0.714111 0.00519338 203.044 0.00363081 0.0108312 0.999939 -2.14526
-0.557076 -0.83045 0.00500856 109.341 0.830316 -0.556853 0.0222876 204.281 -0.0157198 0.0165745 0.999743 -2.17832
-0.309708 -0.950784 0.00982671 108.734 0.950536 -0.309336 0.0282675 205.997 -0.0238365 0.0180952 0.999556 -2.19796
0.00285609 -0.999893 0.0145386 108.603 0.999749 0.00317951 0.0223163 208.037 -0.0223601 0.0144711 0.999649 -2.22093
0.225529 -0.973936 0.0243146 109.049 0.973878 0.226055 0.0216248 209.887 -0.0265575 0.0188023 0.999474 -2.27606
0.353048 -0.935339 0.0224388 109.619 0.935226 0.353487 0.0201349 211.331 -0.0267647 0.0138767 0.999549 -2.31887
0.43293 -0.901045 0.0263782 110.465 0.900882 0.433502 0.0222403 212.921 -0.0314744 0.014135 0.999409 -2.38584
0.471309 -0.881487 0.029242 111.375 0.881337 0.471969 0.0223014 214.669 -0.0334596 0.0152611 0.999328 -2.45273
0.489762 -0.871298 0.0312985 112.389 0.871267 0.490437 0.0193049 216.547 -0.0321702 0.0178144 0.999328 -2.52395
0.496048 -0.867731 0.0314045 113.47 0.867607 0.496772 0.0219822 218.512 -0.0346754 0.0163424 0.999269 -2.57882
0.4971 -0.867058 0.0333007 114.234 0.866884 0.497929 0.0242086 219.853 -0.0375716 0.0168337 0.999156 -2.64033
0.494587 -0.868347 0.0369388 114.989 0.868462 0.495427 0.0182183 221.233 -0.0341202 0.0230693 0.999156 -2.68259
0.492779 -0.869575 0.0318595 115.804 0.869762 0.493329 0.0121348 222.697 -0.0262692 0.0217303 0.999423 -2.74606
0.492403 -0.870023 0.0246076 116.673 0.869841 0.492893 0.0209963 224.254 -0.0303961 0.011066 0.999481 -2.75232
0.492855 -0.869573 0.0307267 117.561 0.869138 0.493667 0.0299768 225.79 -0.0412356 0.0119314 0.999083 -2.83179
0.491263 -0.870385 0.0331183 118.433 0.870288 0.492051 0.0221653 227.398 -0.0355881 0.0179333 0.99921 -2.84752
0.489538 -0.871477 0.0297735 119.373 0.871594 0.490056 0.0132733 229.083 -0.0261579 0.0194524 0.999472 -2.93917
0.488433 -0.872207 0.0263447 120.299 0.872232 0.488885 0.0145117 230.772 -0.0255366 0.0158905 0.999552 -2.96949
0.487575 -0.87262 0.028481 121.275 0.872357 0.488241 0.0249307 232.528 -0.0356605 0.0126898 0.999287 -3.0242
0.488789 -0.871857 0.0309309 122.269 0.871504 0.489588 0.0281251 234.287 -0.0396644 0.013209 0.99913 -3.08854
0.488711 -0.87197 0.0289004 123.238 0.871788 0.489362 0.0227412 236.096 -0.0339723 0.0140809 0.999327 -3.1248
0.487749 -0.872527 0.0283481 124.261 0.872378 0.488365 0.0215382 237.931 -0.0326368 0.0142248 0.99937 -3.1899
0.484979 -0.873884 0.033581 125.282 0.873725 0.485822 0.0242583 239.748 -0.0375132 0.0175756 0.999146 -3.26555
0.481791 -0.87552 0.0367229 126.286 0.875678 0.482597 0.0171572 241.612 -0.0327437 0.023891 0.999182 -3.33111
0.479684 -0.876774 0.0342994 127.318 0.877048 0.480276 0.0113087 243.483 -0.0263883 0.0246574 0.999352 -3.35752
0.476322 -0.878828 0.028001 128.299 0.878762 0.47689 0.0189698 245.301 -0.0300245 0.0155703 0.999432 -3.38075
0.473521 -0.880206 0.0319539 129.276 0.880018 0.474311 0.0245773 247.209 -0.0367891 0.016482 0.999191 -3.46659
0.472394 -0.880664 0.035771 130.287 0.880517 0.473343 0.0253258 249.046 -0.0392353 0.0195331 0.999043 -3.49902
0.472556 -0.880268 0.0427251 131.257 0.880642 0.473525 0.015829 250.907 -0.0341651 0.0301452 0.998965 -3.56681
0.472817 -0.880344 0.0379992 132.261 0.880672 0.473554 0.013009 252.774 -0.029447 0.0273138 0.999197 -3.58728
0.473432 -0.880049 0.037171 133.201 0.880236 0.474244 0.0168503 254.571 -0.0324571 0.0247416 0.999171 -3.64211
0.474467 -0.879545 0.0358844 134.205 0.879603 0.475304 0.0197719 256.448 -0.0344462 0.0221828 0.999164 -3.70825
0.475342 -0.879314 0.0293498 135.197 0.878873 0.476109 0.0301545 258.285 -0.0404889 0.0114609 0.999118 -3.77828
0.475793 -0.879003 0.031306 136.144 0.878672 0.476611 0.0280149 260.058 -0.0395459 0.0141782 0.999121 -3.80136
0.476866 -0.878356 0.033098 137.052 0.878355 0.477608 0.0197341 261.833 -0.0331414 0.0196611 0.999261 -3.87132
0.477608 -0.878274 0.0230435 138.027 0.878039 0.478068 0.0224768 263.641 -0.0307571 0.00949785 0.999486 -3.91605
0.477589 -0.878381 0.0190306 139.023 0.877981 0.477951 0.0268001 265.507 -0.0326363 0.00390893 0.999464 -3.9421
0.477423 -0.87832 0.0250545 139.979 0.877947 0.477994 0.0271421 267.295 -0.0358152 0.00903816 0.999322 -3.99744
0.478535 -0.877665 0.0267263 140.953 0.877341 0.479156 0.0262572 269.149 -0.035851 0.0108829 0.999302 -4.07684
0.480268 -0.876669 0.0282904 141.956 0.876419 0.480925 0.0246572 270.973 -0.0352217 0.0129521 0.9993 -4.12514
0.481323 -0.876039 0.0298525 142.943 0.875803 0.482038 0.0248187 272.775 -0.036132 0.014199 0.99925 -4.20597
0.482068 -0.875518 0.0329455 143.959 0.875504 0.482808 0.0199019 274.675 -0.0333307 0.0192497 0.999263 -4.26724
0.482161 -0.875697 0.0260939 144.994 0.875551 0.482693 0.0205907 276.573 -0.0306264 0.0129183 0.999452 -4.27128
0.48248 -0.87543 0.0290109 146.039 0.875173 0.483168 0.0250579 278.495 -0.0359534 0.0132995 0.999269 -4.36048
0.483049 -0.875017 0.0318827 147.078 0.874686 0.483887 0.0280391 280.398 -0.0399622 0.0143429 0.999103 -4.43487
0.482663 -0.87489 0.040134 148.139 0.874917 0.483733 0.0230175 282.303 -0.0395518 0.024004 0.998934 -4.49133
0.482115 -0.875107 0.041942 149.142 0.875368 0.483125 0.0181097 284.154 -0.036111 0.0279836 0.99896 -4.52755
0.482109 -0.875017 0.0438544 150.192 0.875283 0.483228 0.0194223 286.012 -0.0381864 0.0290212 0.998854 -4.58745
0.481334 -0.875251 0.0475352 151.232 0.875541 0.482667 0.0216269 287.877 -0.0418725 0.0312091 0.99864 -4.61361
0.480442 -0.875268 0.0555624 152.257 0.876245 0.481729 0.0118349 289.748 -0.0371246 0.043 0.99839 -4.67168
0.479946 -0.875543 0.0555341 153.245 0.876576 0.481162 0.0102654 291.549 -0.0357086 0.0437528 0.998409 -4.73463
0.478002 -0.876432 0.0581997 154.223 0.877494 0.479426 0.0127412 293.366 -0.0390692 0.0449794 0.998228 -4.79016
0.476226 -0.877162 0.0616732 155.188 0.878261 0.47793 0.0157637 295.13 -0.0433026 0.0466578 0.997977 -4.83859
0.474332 -0.87752 0.0705292 156.108 0.879361 0.476073 0.00929116 296.88 -0.0417301 0.0576133 0.997471 -4.88874
0.473087 -0.878197 0.0704639 157.03 0.880129 0.474691 0.00703174 298.596 -0.0396237 0.0586904 0.997494 -4.93781
0.472122 -0.878785 0.0696004 157.918 0.880684 0.473665 0.00661842 300.285 -0.0387833 0.058171 0.997558 -4.98169
0.471391 -0.879248 0.0687048 158.802 0.881007 0.473027 0.00887857 301.924 -0.0403056 0.0563439 0.997602 -5.02764
0.472163 -0.879063 0.065701 159.657 0.88077 0.473516 0.00584043 303.502 -0.0362444 0.0551096 0.997827 -5.06095
0.474811 -0.877469 0.0678887 160.469 0.879287 0.476262 0.00604802 305.049 -0.0376396 0.0568217 0.997679 -5.121
0.477292 -0.875716 0.0729444 161.255 0.877915 0.47881 0.00384853 306.519 -0.0382965 0.0622018 0.997333 -5.16114
0.480384 -0.873617 0.0776603 162.003 0.876105 0.482111 0.00404817 307.867 -0.0409773 0.0660936 0.996976 -5.19956
0.482985 -0.871938 0.0803518 162.716 0.874531 0.484944 0.00567621 309.199 -0.0439153 0.0675284 0.996755 -5.27046
0.48714 -0.869522 0.0814476 163.693 0.872481 0.488654 -0.00153267 310.951 -0.0384668 0.0718078 0.996681 -5.276
0.489415 -0.868428 0.079458 164.629 0.871177 0.490977 0.000144331 312.635 -0.0391372 0.0691511 0.996843 -5.33109
0.484421 -0.871072 0.0810976 165.444 0.873897 0.486118 0.00136706 314.06 -0.0406137 0.0702085 0.99671 -5.36578
0.448969 -0.890288 0.0763018 166.284 0.893031 0.449983 -0.00429318 315.734 -0.0305123 0.0700672 0.99708 -5.42225
0.363538 -0.928766 0.0723981 166.88 0.931215 0.36448 -0.0001996 317.428 -0.0262022 0.0674905 0.99738 -5.45988
0.212693 -0.974527 0.0711775 167.23 0.976884 0.213686 0.00656445 319.185 -0.0216068 0.0681357 0.997447 -5.46707
-0.0470305 -0.997188 0.0584045 167.176 0.998697 -0.0457717 0.0227234 321.359 -0.0199862 0.0593969 0.998039 -5.50191
-0.288401 -0.955505 0.0619876 166.672 0.95737 -0.286632 0.0359539 323.194 -0.0165865 0.0697139 0.997434 -5.48342
-0.472852 -0.877787 0.0768601 165.984 0.881146 -0.470996 0.0418695 324.548 -0.00055171 0.0875228 0.996167 -5.4749
-0.645539 -0.75925 0.0826254 164.966 0.763224 -0.645268 0.0335585 325.743 0.0278361 0.0847248 0.99602 -5.46529
-0.783151 -0.617447 0.0737614 163.76 0.621047 -0.782612 0.0427535 326.732 0.0313283 0.0792915 0.996364 -5.3561
-0.864561 -0.500228 0.0480992 162.244 0.501652 -0.864752 0.0236357 327.531 0.0297704 0.0445634 0.998568 -5.32346
-0.897759 -0.4391 0.03504 160.613 0.43993 -0.897795 0.0208604 328.377 0.0222988 0.0341427 0.999173 -5.211
-0.904879 -0.422748 0.0498529 158.954 0.423418 -0.905933 0.00326384 329.075 0.0437833 0.0240619 0.998756 -5.21354
-0.90407 -0.423868 0.0547801 157.074 0.424944 -0.905178 0.00920679 329.892 0.045683 0.031602 0.998461 -5.05662
-0.903015 -0.426851 0.0486783 155.181 0.427552 -0.903984 0.0045365 330.741 0.0420678 0.024909 0.998809 -4.97307
-0.899739 -0.433697 0.0488237 153.82 0.434143 -0.900847 -0.00160049 331.388 0.0446766 0.0197564 0.998811 -4.91127
-0.89609 -0.441585 0.0450836 152.412 0.441853 -0.897082 -0.00435442 332.019 0.0423663 0.0160184 0.998978 -4.83525
-0.892714 -0.448756 0.0410805 150.969 0.449104 -0.893484 -0.000822423 332.725 0.0370736 0.0177152 0.99916 -4.73467
-0.890062 -0.453728 0.0439144 149.485 0.454022 -0.890988 -0.00358269 333.438 0.0407525 0.0167492 0.999034 -4.66284
-0.887001 -0.460038 0.0400066 147.966 0.460209 -0.887799 -0.00534808 334.236 0.0379779 0.0136676 0.99919 -4.5959
-0.884794 -0.464966 0.0308697 146.389 0.465116 -0.885251 -0.00255419 335.053 0.0285149 0.012098 0.999525 -4.5345
-0.882188 -0.469811 0.0320781 144.737 0.470217 -0.882534 0.00614265 335.91 0.0254239 0.0205026 0.999471 -4.45964
-0.8806 -0.472521 0.0356983 143.148 0.472805 -0.881172 -0.000529213 336.755 0.0317062 0.0164123 0.999367 -4.40076
-0.880586 -0.472609 0.0348757 141.482 0.47286 -0.881141 -0.00118357 337.616 0.0312897 0.0154491 0.999396 -4.31758
-0.881449 -0.471129 0.0330507 139.858 0.471333 -0.881958 -0.00176456 338.492 0.0299805 0.0140225 0.999457 -4.22911
-0.882583 -0.469267 0.0290502 138.183 0.469293 -0.883025 -0.00631961 339.396 0.0286175 0.00805548 0.999563 -4.18493
-0.883542 -0.467342 0.0308666 136.566 0.467475 -0.884005 -0.003192 340.208 0.0287779 0.0116091 0.999523 -4.08809
-0.884757 -0.46485 0.0335783 134.95 0.464998 -0.885309 -0.00367889 341.074 0.0314372 0.012359 0.999434 -4.00412
-0.887445 -0.459988 0.0293232 133.264 0.459918 -0.887916 -0.00946828 341.924 0.0303917 0.00508374 0.99953 -3.92493
-0.8913 -0.452643 0.0265812 131.64 0.452729 -0.891648 -0.00301187 342.704 0.0250642 0.00934961 0.999647 -3.84232
-0.894163 -0.447035 0.0252929 129.979 0.446967 -0.894514 -0.00854609 343.472 0.0264452 0.00366354 0.999648 -3.81344
-0.895432 -0.443997 0.0328167 128.347 0.443929 -0.896014 -0.0096958 344.31 0.0337091 0.00588638 0.999419 -3.68154
-0.896513 -0.442108 0.0285164 126.713 0.441999 -0.896961 -0.0103386 345.075 0.0301488 0.00333555 0.999545 -3.61258
-0.895392 -0.444103 0.0324677 125.095 0.444182 -0.895927 -0.00510952 345.885 0.0313577 0.00984654 0.999465 -3.51258
-0.892198 -0.45058 0.0311329 123.499 0.450462 -0.892732 -0.0110968 346.674 0.0327932 0.00412365 0.999459 -3.45336
-0.888714 -0.45763 0.02774 121.883 0.457474 -0.889145 -0.0120843 347.51 0.030195 0.00195093 0.999547 -3.39538
-0.883752 -0.467264 0.0256032 120.285 0.467134 -0.88412 -0.0111636 348.28 0.0278526 0.00209434 0.999615 -3.31498
-0.878897 -0.476304 0.0261306 118.701 0.476192 -0.87928 -0.0107618 349.104 0.028102 0.00298465 0.999605 -3.22727
-0.873771 -0.485499 0.0286779 117.132 0.485371 -0.874234 -0.0117129 349.939 0.0307577 0.00368505 0.999525 -3.17909
-0.868726 -0.494466 0.0287466 115.604 0.494323 -0.869195 -0.0123429 350.786 0.0310896 0.00348753 0.999515 -3.07975
-0.864583 -0.501801 0.0264642 114.083 0.501689 -0.864981 -0.0111568 351.642 0.0284895 0.00363086 0.999592 -3.0158
-0.860514 -0.50885 0.0244071 112.628 0.508792 -0.860847 -0.00895243 352.522 0.0255661 0.00471446 0.999667 -2.95274
-0.857966 -0.512976 0.0275236 111.153 0.51306 -0.858346 -0.00445004 353.361 0.0259075 0.0103033 0.999616 -2.89733
-0.8564 -0.515419 0.0304912 109.759 0.515558 -0.856852 -0.00369647 354.219 0.0280316 0.0125543 0.999533 -2.80717
-0.855955 -0.51593 0.0341319 108.427 0.516176 -0.856485 -0.00179758 354.99 0.0301608 0.0160794 0.99942 -2.71516
-0.857951 -0.512376 0.0373948 107.187 0.51278 -0.858523 0.00145864 355.729 0.0313569 0.0204268 0.999304 -2.65219
-0.864515 -0.501359 0.0354929 105.474 0.501886 -0.864907 0.00732684 356.758 0.0270246 0.0241475 0.999348 -2.59806
-0.873565 -0.485003 0.0407964 103.892 0.485748 -0.874042 0.0103036 357.657 0.0306605 0.0288176 0.999119 -2.51658
-0.884416 -0.465147 0.0381411 102.291 0.465739 -0.884891 0.00795404 358.483 0.0300508 0.0247984 0.999245 -2.43402
-0.893282 -0.44723 0.0451788 100.67 0.447789 -0.89414 0.00258102 359.259 0.0392417 0.0225361 0.99898 -2.33471
-0.900564 -0.431833 0.0501252 99.102 0.432303 -0.901731 -0.0015857 360.026 0.0458841 0.0202412 0.998747 -2.26269
-0.906549 -0.418964 0.0514387 97.4339 0.419343 -0.907825 -0.00370053 360.798 0.0482476 0.0182157 0.998674 -2.15109
-0.910188 -0.411142 0.0502921 95.7012 0.411097 -0.911521 -0.0116947 361.511 0.0506503 0.0100305 0.998671 -2.07756
-0.911327 -0.408507 0.0511182 93.9545 0.408475 -0.912701 -0.0115294 362.322 0.0513653 0.0103735 0.998631 -1.95322
-0.911428 -0.410004 0.0346937 92.0579 0.409942 -0.91207 -0.00917797 363.102 0.035406 0.00585737 0.999361 -1.87343
-0.908256 -0.41784 0.0221257 90.0814 0.417715 -0.908525 -0.0101847 364.001 0.0243573 -8.0765e-06 0.999708 -1.79834
-0.903959 -0.426156 0.0354498 88.6993 0.42559 -0.904639 -0.0225817 364.6 0.0416925 -0.00532583 0.999121 -1.72706
-0.901074 -0.433328 0.0173554 87.2476 0.433166 -0.901234 -0.0123245 365.289 0.0209817 -0.00358746 0.999778 -1.66206
-0.89788 -0.439878 0.0180646 85.8143 0.439765 -0.898062 -0.0100102 365.969 0.0206263 -0.00104374 0.999792 -1.62984
-0.8938 -0.446973 0.0366203 84.3121 0.446316 -0.89453 -0.024952 366.736 0.0439108 -0.0059577 0.99902 -1.58301
-0.889884 -0.455617 0.0228819 82.6869 0.45497 -0.890053 -0.0284931 367.505 0.033348 -0.0149449 0.999334 -1.49451
-0.883184 -0.468285 0.0264267 81.0701 0.467573 -0.883479 -0.0290585 368.303 0.0369551 -0.0133075 0.99923 -1.4364
-0.875208 -0.481261 0.0490104 79.4349 0.480069 -0.876554 -0.0345184 369.176 0.0595725 -0.00668226 0.998204 -1.32177
-0.868871 -0.493548 0.0384309 77.6973 0.492937 -0.869717 -0.0246754 370.15 0.0456025 -0.00249553 0.998959 -1.17475
-0.863503 -0.503282 0.032758 76.0145 0.503155 -0.864107 -0.0126422 371.158 0.0346689 0.00556591 0.999385 -1.11514
-0.860617 -0.507872 0.0375319 74.284 0.50773 -0.861406 -0.0139206 372.152 0.0394 0.00707596 0.9992 -1.04184
-0.860152 -0.508587 0.0385027 72.5733 0.508563 -0.860955 -0.0111489 373.146 0.0388192 0.00999147 0.999198 -0.934223
-0.861145 -0.507155 0.035034 70.8165 0.507152 -0.861806 -0.00962998 374.158 0.0350762 0.00947487 0.999342 -0.825795
-0.864825 -0.500867 0.0348497 69.0603 0.501038 -0.865418 -0.00429661 375.175 0.0323115 0.0137453 0.999385 -0.760976
-0.867118 -0.495619 0.0497257 67.3107 0.496151 -0.868237 -0.00187332 376.166 0.0441021 0.0230472 0.998763 -0.668568
-0.871251 -0.48859 0.0469798 65.556 0.489064 -0.872249 -0.00159711 377.114 0.0417584 0.0215848 0.998897 -0.54008
-0.873833 -0.484357 0.0426469 63.8356 0.484964 -0.874525 0.00456625 378.093 0.0350841 0.0246724 0.999082 -0.443551
-0.876041 -0.480166 0.0446975 62.091 0.480627 -0.876928 -0.000485597 379.007 0.0394296 0.0210575 0.999002 -0.382756
-0.877606 -0.477088 0.0468989 60.3732 0.477417 -0.878667 -0.00466668 379.923 0.0434349 0.0182949 0.998891 -0.240241
-0.880451 -0.472192 0.0429522 58.6383 0.472563 -0.881298 -0.00170876 380.828 0.0386605 0.0187932 0.999078 -0.133067
-0.884315 -0.465315 0.0383736 56.8736 0.465937 -0.884777 0.008727 381.729 0.0298912 0.0255972 0.999227 -0.0381117
-0.887193 -0.459484 0.0420455 55.1458 0.460154 -0.887811 0.00739397 382.603 0.0339309 0.0259074 0.99909 0.0404048
-0.888821 -0.455833 0.047101 53.4821 0.456419 -0.889766 0.00191079 383.469 0.0410377 0.0231962 0.99889 0.120423
