0.477284 -0.878556 0.0184031 0.681433 0.878745 0.477243 -0.00686302 0.552625 -0.00275319 0.0194472 0.999807 0.791128
0.475178 -0.879813 0.0116119 1.52318 0.879888 0.47516 -0.00450917 2.13759 -0.0015503 0.0123599 0.999922 0.789765
0.472992 -0.880958 0.01384 2.35531 0.881059 0.472995 -0.00328254 3.78685 -0.00365448 0.0137465 0.999899 0.808806
0.47068 -0.882198 0.0136626 3.21213 0.882299 0.470674 -0.00384516 5.4162 -0.00303846 0.0138644 0.999899 0.815331
0.469014 -0.883059 0.0152946 4.10194 0.883183 0.469014 -0.00381061 7.05494 -0.00380839 0.0152952 0.999876 0.839092
0.46935 -0.882874 0.0156322 4.97083 0.882947 0.469457 0.00383211 8.72999 -0.0107219 0.0120038 0.99987 0.829715
0.472537 -0.881091 0.0196694 5.90598 0.881205 0.472709 0.00497858 10.4091 -0.0136845 0.0149802 0.999794 0.803441
0.47521 -0.879634 0.0204864 6.79026 0.879839 0.475265 -0.00242817 12.1211 -0.00760056 0.0191786 0.999787 0.800098
0.476629 -0.878978 0.0149277 7.70828 0.879089 0.476651 -0.00224984 13.7803 -0.00513776 0.0141951 0.999886 0.835905
0.476971 -0.878632 0.0224733 8.65271 0.878833 0.477126 0.00176331 15.5257 -0.0122719 0.0189092 0.999746 0.825681
0.474604 -0.879457 0.0361578 9.59115 0.880149 0.474615 -0.00881355 17.2652 -0.00940992 0.0360072 0.999307 0.811749
0.471487 -0.881269 0.0326335 10.5155 0.88186 0.471357 -0.0120508 18.9943 -0.00476203 0.0344599 0.999395 0.806364
0.469746 -0.882337 0.0286507 11.4578 0.882761 0.469787 -0.0056982 20.7851 -0.00843198 0.0279684 0.999573 0.804896
0.467738 -0.883414 0.0282922 12.412 0.883786 0.467888 -0.0014828 22.5959 -0.0119277 0.0256979 0.999599 0.784139
0.46646 -0.884003 0.0308913 13.3116 0.884362 0.466785 0.00388959 24.323 -0.017858 0.0255048 0.999515 0.764135
0.466966 -0.883802 0.0289349 14.2925 0.884109 0.467263 0.00410308 26.1948 -0.0171465 0.0236656 0.999573 0.767888
0.466613 -0.884089 0.0256813 15.1619 0.884348 0.466821 0.00247331 27.8903 -0.0141752 0.0215571 0.999667 0.749791
0.464937 -0.884885 0.0284944 16.0958 0.885202 0.465198 0.00291669 29.6535 -0.0158365 0.0238672 0.99959 0.743379
0.463824 -0.885549 0.0258701 16.9936 0.885867 0.463936 -0.00185017 31.4414 -0.0103637 0.0237756 0.999664 0.730186
0.463078 -0.886046 0.0219491 17.9154 0.886257 0.463194 0.000194778 33.1802 -0.0103393 0.0193623 0.999759 0.741724
0.462682 -0.886045 0.0291341 18.7771 0.886392 0.462932 0.0020825 34.8637 -0.0153323 0.0248607 0.999573 0.736273
0.462413 -0.886038 0.0333257 19.7065 0.886566 0.462595 -0.0024912 36.615 -0.013209 0.0306974 0.999441 0.745833
0.460523 -0.886894 0.0365709 20.6005 0.887496 0.460816 -0.000474038 38.3225 -0.016432 0.0326748 0.999331 0.74335
0.458726 -0.887547 0.042792 21.4988 0.888234 0.459356 0.00569926 40.0594 -0.0247152 0.0353949 0.999068 0.708415
0.456329 -0.888755 0.0433516 22.3154 0.889664 0.456597 -0.0040777 41.7115 -0.0161701 0.0404292 0.999052 0.701601
0.454917 -0.889916 0.0331634 23.1525 0.890474 0.455001 -0.00540787 43.3834 -0.0102768 0.0319913 0.999435 0.691071
0.45286 -0.890947 0.0336326 23.9379 0.891475 0.453067 -0.00162826 44.9497 -0.0137871 0.03072 0.999433 0.704683
0.450147 -0.892326 0.0334862 24.7051 0.892833 0.450388 -0.000406472 46.4783 -0.0147191 0.0300805 0.999439 0.698012
0.447871 -0.893526 0.0319719 25.4501 0.89397 0.448125 0.000873093 48.0076 -0.0151075 0.0281909 0.999488 0.720281
0.445342 -0.894726 0.0337212 26.1404 0.895167 0.445713 0.00403437 49.4613 -0.0186396 0.0283894 0.999423 0.693325
0.442693 -0.895898 0.0372694 26.8452 0.896367 0.443246 0.00772088 50.9083 -0.0234366 0.029989 0.999276 0.658916
0.439251 -0.897947 0.0273901 27.7812 0.898313 0.439348 -0.00267865 52.8885 -0.0096285 0.0257815 0.999621 0.684621
0.436902 -0.899238 0.0220691 28.6801 0.899431 0.437056 0.00246233 54.7556 -0.0118597 0.0187738 0.999753 0.699189
0.436583 -0.899123 0.0312147 29.5177 0.899664 0.436357 -0.0140581 56.4266 -0.00098082 0.0342203 0.999414 0.73199
0.446988 -0.894161 0.0260321 30.254 0.894525 0.446961 -0.00714286 57.9734 -0.00524846 0.0264791 0.999636 0.744709
0.468557 -0.882712 0.0357018 31.0076 0.883334 0.468727 -0.00395051 59.3823 -0.0132473 0.0333877 0.999355 0.7624
0.515427 -0.856449 0.0288144 31.7709 0.856766 0.5157 0.00245501 60.6565 -0.0169622 0.0234218 0.999582 0.751606
0.619832 -0.783851 0.0372262 32.8947 0.784271 0.620398 0.00492066 62.1229 -0.0269521 0.0261455 0.999295 0.741205
0.760041 -0.648802 0.0373173 34.1241 0.649111 0.760679 0.00478393 63.2451 -0.0314903 0.0205871 0.999292 0.728859
0.896217 -0.442191 0.0355252 35.4975 0.442429 0.896802 0.00126291 63.9533 -0.0324175 0.0145856 0.999368 0.677748
0.988713 -0.144201 0.040648 37.392 0.144348 0.989527 -0.000686207 64.3595 -0.0401234 0.00654591 0.999173 0.629901
0.991872 0.121756 0.036948 39.1984 -0.121672 0.99256 -0.00453039 64.1961 -0.0372247 -1.96602e-06 0.999307 0.579351
0.954352 0.296115 0.0390906 41.0027 -0.296217 0.955115 -0.00326827 63.7042 -0.0383038 -0.00846023 0.99923 0.490625
0.922097 0.386565 0.0174373 42.3758 -0.386414 0.922254 -0.0114592 63.0839 -0.0205113 0.00382844 0.999782 0.468934
0.896051 0.443241 0.0251075 44.1342 -0.443132 0.8964 -0.0100352 62.1968 -0.0269544 -0.00213388 0.999634 0.435435
0.88284 0.469126 0.0226775 45.4843 -0.468911 0.883129 -0.0143687 61.4217 -0.0267679 0.00205157 0.99964 0.384908
0.874031 0.485415 0.0210222 47.0117 -0.485189 0.874278 -0.0151216 60.5691 -0.0257195 0.00301696 0.999665 0.324292
0.868794 0.494751 0.020478 48.6528 -0.494492 0.869025 -0.0165653 59.6615 -0.0259916 0.00426566 0.999653 0.296879
0.867956 0.496309 0.018139 50.4425 -0.495977 0.868106 -0.0199536 58.6277 -0.0256497 0.0083223 0.999636 0.260571
0.870777 0.491343 0.0181524 51.6954 -0.490962 0.870908 -0.0218083 57.92 -0.0265244 0.010078 0.999597 0.208253
0.875002 0.483767 0.018489 53.0173 -0.483387 0.87514 -0.0216045 57.1864 -0.026632 0.00996657 0.999596 0.164161
0.879067 0.476153 0.0228052 54.392 -0.47579 0.879339 -0.0196835 56.4347 -0.0294259 0.00645268 0.999546 0.109149
0.88317 0.468398 0.0247683 55.8403 -0.468003 0.883495 -0.0202354 55.7422 -0.0313609 0.00627967 0.999488 0.0804082
0.884843 0.465456 0.0201078 57.3009 -0.465256 0.885066 -0.0139844 54.9866 -0.0243058 0.00301878 0.9997 0.0230271
0.885412 0.464368 0.0201834 58.7777 -0.464322 0.885637 -0.00721779 54.2242 -0.0212269 -0.00298086 0.99977 0.00934595
0.885484 0.464075 0.0234986 60.2278 -0.464115 0.885765 -0.00406229 53.4744 -0.0226995 -0.00730897 0.999716 0.011281
0.885379 0.464228 0.024438 61.7107 -0.464262 0.885686 -0.00459029 52.7143 -0.0237753 -0.00728148 0.999691 -0.0180513
0.885145 0.464671 0.0244949 63.176 -0.464741 0.885441 -0.00307921 51.9879 -0.0231196 -0.00865823 0.999695 -0.0351229
0.882279 0.469797 0.0295609 64.6768 -0.470093 0.88261 0.00357249 51.1964 -0.0244124 -0.0170483 0.999557 -0.0580881
0.877349 0.478486 0.0361956 66.1438 -0.479069 0.87773 0.00907326 50.4746 -0.0274285 -0.0253006 0.999304 -0.0653499
0.869624 0.492536 0.0340965 67.6473 -0.492982 0.870021 0.00564645 49.6705 -0.0268836 -0.0217192 0.999403 -0.0799651
0.85927 0.510464 0.0328702 69.0031 -0.510832 0.859674 0.0033555 48.9038 -0.0265448 -0.0196745 0.999454 -0.0941006
0.848148 0.528714 0.0332652 70.3758 -0.529042 0.848594 0.00127917 48.0669 -0.0275524 -0.0186837 0.999446 -0.116797
0.835955 0.547762 0.0336965 71.6993 -0.548109 0.836406 0.00126763 47.2418 -0.0274896 -0.019529 0.999431 -0.145601
0.824599 0.564724 0.0335215 73.0169 -0.565134 0.824992 0.00346002 46.3714 -0.025701 -0.0217973 0.999432 -0.170187
0.813613 0.580425 0.0337654 74.224 -0.580904 0.813952 0.00570987 45.4864 -0.0241693 -0.0242601 0.999414 -0.206932
0.802719 0.595402 0.0337495 75.4129 -0.595854 0.803081 0.00436477 44.5853 -0.0245048 -0.0236134 0.999421 -0.209774
0.794659 0.606142 0.033314 76.5903 -0.60646 0.795114 -0.000677555 43.6914 -0.0268991 -0.0196652 0.999445 -0.221921
0.790176 0.611927 0.0341554 77.726 -0.612114 0.790747 -0.00590327 42.7936 -0.0306207 -0.0162424 0.999399 -0.264848
0.789543 0.612838 0.0324202 79.3198 -0.612946 0.790088 -0.00765236 41.5524 -0.0303045 -0.01383 0.999445 -0.293875
0.798455 0.601359 0.0289484 80.8223 -0.601364 0.798919 -0.00951951 40.4185 -0.0288521 -0.00980763 0.999536 -0.319219
0.822564 0.568009 0.0274679 82.2021 -0.568054 0.822962 -0.00690084 39.4241 -0.0265248 -0.00992688 0.999599 -0.338365
0.861607 0.507208 0.0193097 83.5526 -0.507204 0.861808 -0.00544235 38.5994 -0.0194017 -0.00510479 0.999799 -0.342023
0.913729 0.405582 0.0245417 85.0006 -0.405666 0.91402 -0.00165921 37.9366 -0.0231045 -0.00843965 0.999697 -0.3806
0.976256 0.21351 0.0365771 86.9008 -0.213743 0.976887 0.00255366 37.5185 -0.0351865 -0.0103111 0.999328 -0.422976
0.998451 -0.0516704 0.0206325 88.8343 0.0517752 0.998648 -0.00457691 37.5755 -0.0203681 0.00563808 0.999777 -0.443876
0.944941 -0.326675 0.0192304 90.7044 0.326809 0.945081 -0.00425313 38.1576 -0.0167849 0.0103036 0.999806 -0.479747
0.861187 -0.507073 0.0351363 92.0158 0.507253 0.861787 0.00423822 38.8632 -0.0324291 0.0141731 0.999374 -0.516403
0.749498 -0.661232 0.0320118 93.4785 0.661035 0.750142 0.0179147 39.9652 -0.0358591 0.00773391 0.999327 -0.532867
0.704504 -0.708884 0.0340286 94.5758 0.70895 0.705154 0.0121448 41.1416 -0.0326046 0.0155686 0.999347 -0.58295
0.678315 -0.734366 0.0243937 95.4934 0.734052 0.678746 0.0217095 42.3406 -0.0324998 0.00318033 0.999467 -0.631895
0.675823 -0.736954 0.012714 96.5467 0.736803 0.675942 0.0149119 43.5979 -0.0195833 -0.000710124 0.999808 -0.651973
0.684907 -0.728615 0.00461049 97.6949 0.728523 0.684902 0.0127792 44.8344 -0.0124689 -0.00539372 0.999908 -0.693755
0.695383 -0.718567 0.0101433 98.9936 0.718308 0.695422 0.0205062 46.2426 -0.021789 -0.00697367 0.999738 -0.706573
0.700067 -0.713795 0.0200717 100.352 0.71364 0.700346 0.0152979 47.6344 -0.0249767 0.00361441 0.999682 -0.753562
0.698069 -0.715962 0.00990738 101.765 0.715957 0.698128 0.00468421 49.1186 -0.0102703 0.00382336 0.99994 -0.775123
0.694822 -0.719054 0.0135793 102.803 0.71894 0.694954 0.0128513 50.1631 -0.0186777 0.000833355 0.999825 -0.792284
0.691644 -0.721869 0.0231053 103.84 0.721786 0.691989 0.0132613 51.2478 -0.0255616 0.007505 0.999645 -0.781099
0.688468 -0.725167 0.0119944 104.869 0.725103 0.68857 0.00986726 52.4075 -0.0154144 0.00190389 0.999879 -0.817981
0.683258 -0.730127 0.0085639 105.95 0.730048 0.683311 0.0108055 53.6067 -0.0137412 -0.00113087 0.999905 -0.852435
0.678636 -0.734302 0.0159068 107.095 0.73427 0.678799 0.00889623 54.8001 -0.0173301 0.0056426 0.999834 -0.885115
0.676713 -0.73591 0.0222492 108.215 0.735997 0.676961 0.0055498 56.0203 -0.019146 0.0126198 0.999737 -0.882371
0.675941 -0.736613 0.0224616 109.323 0.736661 0.676219 0.00766323 57.2332 -0.0208338 0.0113667 0.999718 -0.913617
0.677591 -0.735296 0.0145264 110.444 0.735234 0.677736 0.0102155 58.5351 -0.0173565 0.00375838 0.999842 -0.932069
0.679861 -0.733314 0.00635912 111.602 0.733083 0.679826 0.0206613 59.7926 -0.0194743 -0.00938508 0.999766 -0.950813
0.684198 -0.729283 0.00453782 112.755 0.729106 0.684148 0.0186018 61.0718 -0.0166705 -0.00941874 0.999817 -0.948281
0.685355 -0.728092 0.0130797 113.994 0.728031 0.685474 0.00980722 62.3226 -0.0161063 0.00280098 0.999866 -0.959697
0.687495 -0.726046 0.0144074 115.197 0.725983 0.687637 0.0101665 63.6523 -0.0172884 0.00347009 0.999844 -0.972713
0.68837 -0.725179 0.0162134 116.369 0.72487 0.688554 0.0213674 64.9349 -0.026659 -0.00295601 0.99964 -1.0387
0.691058 -0.722729 0.0100849 117.516 0.722745 0.69111 0.00260336 66.107 -0.00885129 0.00548974 0.999946 -1.02644
0.689349 -0.724306 0.0133269 118.673 0.724354 0.689426 0.00168937 67.3796 -0.0104115 0.00848883 0.99991 -1.01171
0.686475 -0.72627 0.0358303 119.869 0.726032 0.687319 0.0216634 68.6638 -0.0403603 0.0111426 0.999123 -1.10351
0.685811 -0.727511 0.0197786 120.982 0.727458 0.686062 0.0110906 69.8273 -0.0216379 0.00678203 0.999743 -1.05718
0.683814 -0.72951 0.0146295 122.109 0.729521 0.683936 0.00551859 71.0714 -0.0140315 0.00689883 0.999878 -1.10345
0.678422 -0.734497 0.0160549 123.247 0.734525 0.678562 0.00521028 72.2627 -0.0147212 0.00825794 0.999858 -1.13036
0.671988 -0.740449 0.0129416 124.349 0.740461 0.672082 0.00484614 73.5233 -0.0122861 0.00632617 0.999905 -1.09439
0.669061 -0.743146 0.0095066 125.422 0.743068 0.669129 0.0108027 74.7468 -0.0143891 -0.000163637 0.999897 -1.10704
0.666983 -0.744983 0.0115729 126.536 0.744851 0.667083 0.0140802 75.9776 -0.0182096 -0.000771141 0.999834 -1.11503
0.662113 -0.749301 0.0124326 127.624 0.749315 0.662199 0.00443461 77.2277 -0.0115557 0.00637968 0.999913 -1.11389
0.652239 -0.757866 0.0149095 128.646 0.757869 0.652373 0.00665885 78.4202 -0.0147731 0.00695627 0.999867 -1.12478
0.643833 -0.764801 0.0236418 129.736 0.764542 0.644248 0.0204662 79.6868 -0.0308838 0.00489829 0.999511 -1.21232
0.636839 -0.770639 0.0234831 130.734 0.770374 0.637253 0.0208046 80.9391 -0.0309975 0.00484162 0.999508 -1.16706
0.627556 -0.778375 0.0174845 131.756 0.77842 0.627719 0.00562898 82.1804 -0.0153568 0.0100778 0.999831 -1.15176
0.616445 -0.787238 0.0158365 132.743 0.787181 0.616623 0.0110282 83.4691 -0.0184469 0.0056679 0.999814 -1.19913
0.603035 -0.797692 0.00595169 133.769 0.797623 0.603062 0.0106487 84.8378 -0.0120836 -0.00167432 0.999926 -1.19626
0.5894 -0.807827 0.00478104 134.729 0.80778 0.589418 0.00878343 86.1798 -0.00991353 -0.00131493 0.99995 -1.22696
0.576831 -0.816818 0.00867312 135.681 0.816554 0.576872 0.0214096 87.5584 -0.022491 -0.00526763 0.999733 -1.27666
0.564749 -0.825211 0.00929889 136.62 0.824868 0.564791 0.0245862 88.9428 -0.0255408 -0.00621469 0.999655 -1.28125
0.557485 -0.830175 0.00442557 137.542 0.829923 0.557434 0.0222346 90.3249 -0.0209256 -0.00872256 0.999743 -1.26604
0.551434 -0.834199 -0.00569772 138.437 0.834136 0.551271 0.0178301 91.7414 -0.0117329 -0.0145848 0.999825 -1.3266
0.546114 -0.837709 -0.00192191 139.338 0.837332 0.545796 0.0313449 93.1591 -0.025209 -0.0187272 0.999507 -1.35539
0.539093 -0.842233 0.00478272 140.219 0.841692 0.538935 0.0332157 94.5511 -0.0305529 -0.0138808 0.999437 -1.39387
0.530128 -0.847858 0.0100756 141.075 0.847766 0.530221 0.0126133 95.9038 -0.0160366 0.00185506 0.99987 -1.36255
0.517216 -0.855853 0.00179827 141.937 0.855555 0.51709 0.0253718 97.3601 -0.0226444 -0.0115842 0.999676 -1.40464
0.505742 -0.86247 0.0192316 142.827 0.862213 0.506077 0.0217652 98.7907 -0.0285045 0.00557412 0.999578 -1.44157
0.495931 -0.867732 0.0330701 143.684 0.86801 0.496454 0.00956464 100.219 -0.0247173 0.0239618 0.999407 -1.43373
0.484566 -0.873867 0.0393978 144.517 0.87473 0.484397 -0.0143572 101.712 -0.00653788 0.0414195 0.99912 -1.42562
0.473772 -0.880026 0.0330736 145.318 0.880292 0.474314 0.0106075 103.182 -0.0250221 0.0240889 0.999397 -1.46554
0.465492 -0.884328 0.0357946 146.072 0.884532 0.466224 0.0154328 104.728 -0.0303359 0.0244777 0.99924 -1.50513
0.462436 -0.886333 0.0237983 146.874 0.886491 0.462698 0.00668266 106.273 -0.0169345 0.0180067 0.999694 -1.54278
0.45816 -0.888523 0.0248116 147.591 0.888802 0.458291 -0.000460993 107.74 -0.0109613 0.0222638 0.999692 -1.4801
0.45608 -0.889476 0.0287068 148.383 0.889591 0.456566 0.0132156 109.325 -0.0248615 0.01951 0.999501 -1.54331
0.453079 -0.890956 0.03027 149.117 0.891251 0.45346 0.00679982 110.812 -0.0197846 0.0238973 0.999519 -1.60064
0.450261 -0.892115 0.0373671 149.865 0.892896 0.449915 -0.0176889 112.328 -0.00103146 0.0413296 0.999145 -1.52222
0.448131 -0.893174 0.0376695 150.647 0.893836 0.44839 -0.00171466 113.872 -0.0153591 0.0344387 0.999289 -1.58261
0.445423 -0.894371 0.0412268 151.399 0.89514 0.445785 -0.000460957 115.457 -0.017966 0.0371091 0.99915 -1.56928
0.445691 -0.894501 0.0350399 152.069 0.895094 0.445866 -0.00308941 116.89 -0.0128596 0.0327409 0.999381 -1.62044
0.443864 -0.895504 0.0325063 152.842 0.895947 0.444156 0.0019792 118.493 -0.0162102 0.0282454 0.99947 -1.60723
0.443026 -0.896167 0.0247734 153.582 0.896287 0.443361 0.00998403 120.041 -0.0199309 0.0177809 0.999643 -1.62973
0.442049 -0.896687 0.0233545 154.251 0.896901 0.442223 0.00263072 121.435 -0.0126869 0.0197838 0.999724 -1.61539
0.437708 -0.898684 0.0279223 154.99 0.89892 0.438051 0.00735959 122.958 -0.0188453 0.0218786 0.999583 -1.63826
0.435562 -0.899166 0.0422605 155.671 0.899704 0.436354 0.0113073 124.352 -0.0286077 0.0330969 0.999043 -1.66692
0.436292 -0.899226 0.0322899 156.596 0.89968 0.436548 0.000988483 126.367 -0.014985 0.0286193 0.999478 -1.64853
0.443731 -0.895104 0.0434991 157.468 0.89614 0.443526 -0.0147748 128.232 -0.00606798 0.0455373 0.998944 -1.611
0.457998 -0.887674 0.047669 158.363 0.888604 0.458662 0.00344181 130.126 -0.0249192 0.0407825 0.998857 -1.62329
0.477283 -0.877832 0.0401578 159.24 0.878711 0.477192 -0.0124305 131.896 -0.00825113 0.04122 0.999116 -1.63289
0.494836 -0.868195 0.0370892 160.215 0.868942 0.494791 -0.0110106 133.59 -0.00879209 0.0376768 0.999251 -1.56559
0.506839 -0.860418 0.0528795 161.153 0.861852 0.507057 -0.0101878 135.214 -0.0180472 0.0507379 0.998549 -1.58425
0.505395 -0.860937 0.0580033 162.131 0.862566 0.505899 -0.00671306 136.852 -0.0235643 0.0534244 0.998294 -1.57076
0.50568 -0.86158 0.0443609 163.057 0.86262 0.50574 -0.0106787 138.565 -0.0132345 0.0436666 0.998959 -1.63389
0.496572 -0.866908 0.0434438 164.083 0.867962 0.496373 -0.0160088 140.322 -0.00768619 0.045657 0.998928 -1.611
0.483834 -0.873101 0.0599892 165.132 0.874433 0.485088 0.00751557 142.141 -0.035662 0.0488203 0.998171 -1.72534
0.477242 -0.877046 0.0550547 166.092 0.878445 0.477836 -0.00266088 143.962 -0.0239734 0.0496324 0.99848 -1.73421
0.473612 -0.87746 0.0758686 167.19 0.880391 0.474069 -0.0130072 145.808 -0.0245537 0.0729544 0.997033 -1.73302
0.469732 -0.878597 0.0861345 168.148 0.882514 0.469858 -0.0200802 147.644 -0.0228285 0.0854472 0.996081 -1.77177
0.467599 -0.878695 0.0961582 169.186 0.883501 0.468024 -0.019482 149.485 -0.0278856 0.0940657 0.995175 -1.83141
0.466382 -0.878631 0.10245 170.153 0.884281 0.466115 -0.0280069 151.322 -0.0231457 0.103656 0.994344 -1.84602
0.467723 -0.87908 0.0919465 171.061 0.883808 0.466429 -0.0364238 153.107 -0.0108672 0.0982993 0.995098 -1.88033
0.465753 -0.87938 0.0988185 172.01 0.884483 0.466102 -0.0209469 154.828 -0.0276392 0.0971593 0.994885 -1.90455
0.458794 -0.8822 0.105978 172.89 0.887988 0.459448 -0.0196126 156.482 -0.0313892 0.103105 0.994175 -1.94329
0.432042 -0.894859 0.112102 173.6 0.901575 0.431646 -0.0290464 157.976 -0.0223958 0.113617 0.993272 -1.9735
0.349827 -0.929379 0.117793 174.326 0.936691 0.349047 -0.0278699 159.865 -0.0152136 0.120085 0.992647 -1.97223
0.208978 -0.971597 0.111031 174.74 0.977889 0.206718 -0.0316237 161.655 0.00777348 0.115184 0.993314 -1.93326
-0.0506889 -0.997089 0.056959 174.641 0.998223 -0.0523701 -0.0284205 163.9 0.0313207 0.0554172 0.997972 -1.87058
-0.282966 -0.958759 0.0266743 174.106 0.958985 -0.283298 -0.00952024 165.629 0.0166844 0.0228863 0.999599 -1.82422
-0.494346 -0.869113 0.016285 173.23 0.869187 -0.494466 -0.004142 167.174 0.0116523 0.0121072 0.999859 -1.73898
-0.680134 -0.732168 0.036698 172.105 0.732326 -0.680857 -0.0115101 168.444 0.0334134 0.0190465 0.99926 -1.67793
-0.777933 -0.627339 0.0355854 170.972 0.627295 -0.77866 -0.0137563 169.317 0.0363388 0.0116211 0.999272 -1.6302
-0.839068 -0.542627 0.0390006 169.727 0.542282 -0.839962 -0.019857 170.125 0.0435339 0.00448796 0.999042 -1.58337
-0.873646 -0.484975 0.0392693 168.326 0.484174 -0.874508 -0.0284682 170.874 0.0481477 -0.00585792 0.998823 -1.50524
-0.89104 -0.452033 0.0413998 166.822 0.450905 -0.891926 -0.0339554 171.531 0.0522745 -0.0115883 0.998566 -1.41227
-0.893856 -0.446397 0.0418575 165.156 0.445127 -0.894727 -0.0364033 172.304 0.0537013 -0.0139074 0.99846 -1.29115
-0.892891 -0.448183 0.043323 163.309 0.446904 -0.893847 -0.0362574 173.221 0.0549741 -0.0130127 0.998403 -1.15955
-0.892001 -0.449458 0.048182 161.997 0.448087 -0.89323 -0.0368511 173.882 0.0596006 -0.0112815 0.998159 -1.07599
-0.890534 -0.452239 0.0492935 160.592 0.450891 -0.891839 -0.0363337 174.552 0.0603934 -0.0101305 0.998123 -0.976537
-0.888643 -0.455965 0.0490957 159.113 0.454657 -0.889947 -0.0357896 175.308 0.0600114 -0.00948255 0.998153 -0.870016
-0.887857 -0.457315 0.0507287 157.586 0.456253 -0.889292 -0.0315203 176.112 0.0595273 -0.00484041 0.998215 -0.765113
-0.887073 -0.45933 0.0460111 156.013 0.458421 -0.888252 -0.0292929 176.902 0.0543245 -0.0048925 0.998511 -0.655428
-0.886891 -0.459975 0.0429842 154.452 0.459263 -0.887926 -0.0257669 177.7 0.0500189 -0.00311133 0.998743 -0.562421
-0.887793 -0.457817 0.0471957 152.833 0.456999 -0.889042 -0.0275065 178.55 0.0545519 -0.00285168 0.998507 -0.457856
-0.889764 -0.453953 0.0474051 151.266 0.453256 -0.891025 -0.0251698 179.344 0.0536651 -0.000908513 0.998559 -0.357132
-0.893673 -0.446639 0.0431459 149.676 0.446439 -0.894693 -0.0147169 180.156 0.0451755 0.00610991 0.99896 -0.256462
-0.895239 -0.44324 0.0456656 148.058 0.443182 -0.896352 -0.0119271 180.915 0.046219 0.00956057 0.998886 -0.169087
-0.897552 -0.438324 0.0476781 146.522 0.43821 -0.898773 -0.0133753 181.68 0.0487144 0.00888801 0.998773 -0.0463253
-0.898812 -0.435758 0.047459 144.946 0.435469 -0.900047 -0.0168265 182.394 0.0500476 0.00554301 0.998731 0.0703651
-0.898683 -0.43589 0.0486611 143.365 0.435012 -0.899991 -0.0279272 183.153 0.0559678 -0.00392955 0.998425 0.193468
-0.898049 -0.437271 0.0479876 141.811 0.43623 -0.899304 -0.0309118 183.887 0.0566723 -0.00682665 0.99837 0.304439
-0.896235 -0.440702 0.0504467 140.281 0.439934 -0.897653 -0.0260228 184.611 0.0567519 -0.00112928 0.998388 0.427393
-0.894829 -0.443552 0.0504266 138.81 0.443016 -0.896245 -0.0219647 185.343 0.0549371 0.00268512 0.998486 0.535432
-0.892921 -0.446663 0.0564388 137.3 0.446792 -0.89457 -0.0110019 186.111 0.0554026 0.0153926 0.998345 0.649381
-0.892209 -0.447781 0.0587759 135.791 0.448116 -0.893939 -0.00808984 186.824 0.0561645 0.0191206 0.998239 0.782815
-0.892393 -0.448153 0.0528561 134.287 0.448468 -0.893776 -0.00639847 187.544 0.050109 0.0179943 0.998582 0.867626
-0.89422 -0.444494 0.052871 132.85 0.444955 -0.895547 -0.0033629 188.261 0.0488432 0.020518 0.998596 0.994083
-0.896739 -0.438943 0.0564703 131.351 0.43935 -0.898298 -0.00566209 188.959 0.0532125 0.0197328 0.998388 1.09822
-0.900667 -0.430517 0.0587767 129.858 0.430741 -0.902426 -0.00944945 189.642 0.0571098 0.0168067 0.998226 1.24387
-0.905107 -0.421871 0.0529748 128.39 0.421651 -0.90662 -0.0158039 190.317 0.0546952 0.00803268 0.998471 1.34531
-0.908561 -0.415015 0.0477511 126.914 0.41457 -0.909812 -0.0193536 190.953 0.0514765 0.00221227 0.998672 1.44655
-0.91101 -0.409944 0.0448 125.484 0.409139 -0.912093 -0.026293 191.553 0.0516404 -0.00562382 0.99865 1.5502
-0.911952 -0.408103 0.0423784 124.09 0.407054 -0.912865 -0.0313746 192.143 0.0514899 -0.0113618 0.998609 1.63804
-0.912203 -0.407744 0.0403779 122.762 0.406542 -0.912967 -0.0348559 192.727 0.051076 -0.0153803 0.998576 1.74263
-0.911639 -0.409432 0.0357748 120.824 0.40798 -0.912042 -0.0416087 193.524 0.049664 -0.0233367 0.998493 1.87228
-0.908197 -0.417162 0.0339791 118.989 0.415633 -0.908462 -0.0441061 194.321 0.0492681 -0.0259342 0.998449 2.0135
-0.904309 -0.425362 0.0359567 117.345 0.423792 -0.90469 -0.0439989 195.08 0.0512451 -0.0245504 0.998384 2.12513
-0.899539 -0.435499 0.0342191 115.763 0.433899 -0.899811 -0.0455104 195.806 0.0506105 -0.0260907 0.998378 2.23598
-0.893693 -0.447176 0.0367073 114.348 0.445808 -0.894237 -0.0399382 196.469 0.0506844 -0.0193281 0.998528 2.33895
-0.885481 -0.463217 0.0367872 112.687 0.462256 -0.886174 -0.0318491 197.306 0.0473529 -0.0111967 0.998816 2.45955
-0.874997 -0.482529 0.0393101 111.34 0.481833 -0.875871 -0.0262131 198.016 0.0470792 -0.00399546 0.998883 2.58807
-0.862014 -0.505208 0.0411849 110.008 0.504638 -0.862998 -0.0240019 198.805 0.0476684 9.34852e-05 0.998863 2.68451
-0.851999 -0.519775 0.0627055 108.811 0.51885 -0.854284 -0.0315174 199.528 0.0699502 0.00568196 0.997534 2.76768
-0.810818 -0.581235 0.068844 107.577 0.580167 -0.813671 -0.0366695 200.377 0.07733 0.0102087 0.996953 2.87747
-0.708722 -0.702562 0.0641878 106.363 0.702709 -0.71107 -0.0240684 201.518 0.0625516 0.0280476 0.997648 2.98867
-0.537626 -0.841426 0.0544143 105.457 0.842427 -0.538757 -0.00758114 202.802 0.035695 0.0417643 0.99849 3.01867
-0.27807 -0.95839 0.0645442 104.916 0.96026 -0.279036 -0.00629074 204.483 0.0240391 0.06023 0.997895 3.09882
0.0338132 -0.996943 0.0704438 104.887 0.999411 0.0333146 -0.00824064 206.583 0.00586863 0.070681 0.997482 3.13071
0.245298 -0.96657 0.0746451 105.332 0.969424 0.245103 -0.0118935 208.516 -0.00679985 0.0752802 0.997139 3.0969
0.358466 -0.930424 0.0762472 106.031 0.933354 0.358838 -0.00924006 210.075 -0.0187632 0.0744779 0.997046 3.066
0.421776 -0.902983 0.0820188 106.808 0.90632 0.422491 -0.00928639 211.747 -0.0262667 0.078252 0.996588 3.02653
0.451701 -0.888395 0.0819746 107.718 0.891716 0.45249 -0.00974982 213.45 -0.028431 0.0775021 0.996587 2.95756
0.462085 -0.882788 0.0846362 108.393 0.886373 0.462817 -0.0119481 214.808 -0.0286234 0.0805403 0.99634 2.91352
0.468045 -0.879875 0.0821868 109.425 0.883148 0.469024 -0.00816056 216.785 -0.0313673 0.0764026 0.996584 2.87138
0.468523 -0.879405 0.0844628 110.122 0.882791 0.469725 -0.00626497 218.164 -0.0341649 0.0774983 0.996407 2.82472
0.466296 -0.880251 0.0878986 110.844 0.88412 0.467091 -0.0125657 219.572 -0.0299957 0.0835723 0.99605 2.7925
0.464968 -0.881482 0.0824285 111.641 0.88504 0.465172 -0.0178921 221.104 -0.0225719 0.0812717 0.996436 2.72627
0.464491 -0.882375 0.0752543 112.442 0.88519 0.465122 -0.0099827 222.662 -0.0261939 0.0712513 0.997114 2.7242
0.463806 -0.881978 0.0836593 113.282 0.885114 0.465374 -0.000858931 224.255 -0.0381753 0.0744464 0.996494 2.65069
0.462576 -0.882458 0.0853888 114.109 0.885979 0.463658 -0.00788542 225.841 -0.0326327 0.0793003 0.996317 2.60748
0.46153 -0.883367 0.0815651 114.976 0.886861 0.461679 -0.0181672 227.563 -0.0216085 0.0807216 0.996503 2.56325
0.460111 -0.884362 0.0787528 115.867 0.887595 0.460331 -0.016415 229.289 -0.0217356 0.0774534 0.996759 2.54029
0.458279 -0.88504 0.0817594 116.783 0.888189 0.459452 -0.00494721 231.08 -0.0331861 0.074885 0.99664 2.47959
0.459594 -0.884119 0.0842996 117.693 0.887402 0.460985 -0.00330878 232.87 -0.0359354 0.0763283 0.996435 2.43013
0.459508 -0.884363 0.0821852 118.626 0.88765 0.460444 -0.00830961 234.702 -0.030493 0.07677 0.996583 2.38051
0.458658 -0.884896 0.0811941 119.582 0.888143 0.459469 -0.00951228 236.559 -0.0288888 0.0764749 0.996653 2.34251
0.455515 -0.885988 0.086783 120.54 0.889578 0.456739 -0.00634794 238.432 -0.034013 0.0800918 0.996207 2.28288
0.452786 -0.887016 0.090485 121.477 0.891154 0.453492 -0.0137845 240.307 -0.0288072 0.0868775 0.995802 2.23276
0.450452 -0.88839 0.0886376 122.46 0.892511 0.45061 -0.0193642 242.22 -0.0227381 0.0878327 0.995876 2.19876
0.446985 -0.890835 0.0813456 123.374 0.894156 0.447611 -0.0113871 244.055 -0.0262672 0.0778255 0.996621 2.18038
0.443625 -0.892069 0.0860799 124.316 0.895598 0.444826 -0.00573944 245.98 -0.0331706 0.0796392 0.996272 2.12558
0.442651 -0.892171 0.0899501 125.253 0.89605 0.443903 -0.00666929 247.859 -0.0339789 0.083552 0.995924 2.09033
0.442629 -0.891843 0.093257 126.161 0.896185 0.443515 -0.0121293 249.76 -0.0305434 0.0889443 0.995568 2.04054
0.443049 -0.892299 0.0866662 127.113 0.89613 0.443559 -0.0143327 251.67 -0.0256525 0.0840143 0.996134 2.01321
0.443567 -0.89178 0.0893203 127.992 0.895746 0.444426 -0.0111189 253.508 -0.0297807 0.0849403 0.995941 1.94709
0.443882 -0.892122 0.0841817 128.913 0.895538 0.444932 -0.00688133 255.36 -0.0313162 0.0784424 0.996427 1.90441
0.44443 -0.892277 0.0795239 129.866 0.895022 0.446016 0.00244936 257.279 -0.0376544 0.070087 0.99683 1.85204
0.445095 -0.891528 0.0840774 130.737 0.894731 0.446605 -0.000947628 259.057 -0.0367045 0.0756484 0.996459 1.82849
0.446294 -0.891764 0.0746886 131.612 0.894364 0.447328 -0.00319301 260.911 -0.0305629 0.0682238 0.997202 1.77042
0.447077 -0.892007 0.0666778 132.514 0.894055 0.447952 -0.00201644 262.734 -0.0280698 0.0605151 0.997773 1.74581
0.447107 -0.892044 0.0659731 133.434 0.893972 0.448123 0.000672917 264.622 -0.0301643 0.0586772 0.997821 1.71005
0.446348 -0.892052 0.0708316 134.322 0.894252 0.447561 0.00141467 266.422 -0.0329634 0.0627099 0.997487 1.65764
0.447391 -0.891523 0.0709036 135.239 0.893718 0.448625 0.00166634 268.292 -0.0332947 0.0626223 0.997482 1.6016
0.449191 -0.89052 0.0721187 136.168 0.892802 0.450447 0.00129858 270.149 -0.033642 0.0638044 0.997395 1.56461
0.450039 -0.889929 0.0741028 137.093 0.89237 0.451304 0.000369931 272.022 -0.0337721 0.0659607 0.997251 1.47715
0.451021 -0.888933 0.0798665 138.036 0.891988 0.452018 -0.00615372 273.948 -0.0306308 0.0740154 0.996787 1.40851
0.451116 -0.889508 0.0725901 139.019 0.892047 0.451901 -0.0061561 275.909 -0.0273276 0.0675308 0.997343 1.39477
0.451046 -0.889291 0.0756235 139.981 0.891851 0.452329 -0.000179888 277.835 -0.0340467 0.067526 0.997136 1.33637
0.451073 -0.88891 0.0798279 140.95 0.891641 0.452733 0.00305266 279.78 -0.0388543 0.0698008 0.996804 1.25515
0.450688 -0.888723 0.0839761 141.96 0.89186 0.452312 0.000353044 281.741 -0.0382972 0.0747358 0.996468 1.22493
0.45034 -0.88883 0.0847077 142.905 0.892199 0.451621 -0.00447101 283.633 -0.0342818 0.0775895 0.996396 1.16465
0.450132 -0.888778 0.0863395 143.877 0.892203 0.451627 -0.00246826 285.532 -0.0367995 0.0781435 0.996263 1.12089
0.449017 -0.888487 0.0947305 144.836 0.892618 0.450805 -0.00281616 287.427 -0.0402028 0.0858226 0.995499 1.08084
0.448124 -0.887934 0.103723 145.818 0.893286 0.4493 -0.0130566 289.368 -0.0350091 0.098505 0.994521 1.04089
0.447436 -0.888411 0.102603 146.721 0.893662 0.448543 -0.0133136 291.167 -0.0341938 0.0976491 0.994633 0.997485
0.445083 -0.889312 0.104998 147.677 0.894692 0.446567 -0.0102353 293.081 -0.0377863 0.0984965 0.99442 0.945875
0.442972 -0.889546 0.111729 148.566 0.895565 0.44484 -0.00898986 294.869 -0.0417047 0.104043 0.993698 0.875742
0.441185 -0.889562 0.118474 149.395 0.896542 0.442722 -0.014459 296.581 -0.0395886 0.112596 0.992852 0.834526
0.439412 -0.890432 0.118521 150.266 0.897498 0.440713 -0.0164227 298.337 -0.0376105 0.113589 0.992816 0.794151
0.438319 -0.891022 0.118134 151.116 0.898033 0.439635 -0.0160857 300.087 -0.0376032 0.113139 0.992867 0.737152
0.437658 -0.891519 0.116829 151.935 0.898348 0.439022 -0.0151724 301.764 -0.0377642 0.111594 0.993036 0.691531
0.43825 -0.891495 0.114777 152.701 0.898168 0.439315 -0.0172085 303.349 -0.035082 0.110631 0.993242 0.663484
0.440643 -0.890121 0.116268 153.459 0.896974 0.44173 -0.0176534 304.944 -0.0356452 0.112068 0.993061 0.621024
0.443043 -0.888215 0.121598 154.188 0.895713 0.444247 -0.0185227 306.441 -0.0375673 0.117123 0.992407 0.578973
0.446231 -0.88628 0.124039 154.886 0.894019 0.44769 -0.0174194 307.794 -0.0400926 0.118667 0.992124 0.549891
0.448605 -0.884419 0.128678 155.558 0.892688 0.450363 -0.0167415 309.174 -0.0431452 0.122379 0.991545 0.485084
0.452747 -0.881934 0.131198 156.474 0.890802 0.453771 -0.0237169 310.951 -0.0386173 0.12761 0.991072 0.466681
0.454968 -0.88116 0.128692 157.33 0.889664 0.456054 -0.0226324 312.661 -0.0387479 0.12479 0.991426 0.410193
0.449915 -0.883464 0.130648 158.066 0.892167 0.451206 -0.0212436 314.107 -0.0401814 0.126118 0.991201 0.363247
0.414635 -0.901207 0.126112 158.867 0.909566 0.414665 -0.027268 315.873 -0.0277202 0.126014 0.991641 0.334337
0.328693 -0.936445 0.122607 159.427 0.944211 0.328674 -0.0209631 317.516 -0.0206669 0.122657 0.992234 0.322515
0.129425 -0.984653 0.117081 159.677 0.991583 0.128931 -0.0118187 319.663 -0.00345805 0.117625 0.993052 0.336119
-0.141081 -0.984693 0.102357 159.462 0.989945 -0.14139 0.00425875 321.86 0.0102788 0.101929 0.994739 0.383208
-0.382661 -0.916942 0.113082 158.787 0.923492 -0.383208 0.0177256 323.712 0.0270806 0.111213 0.993428 0.466235
-0.561249 -0.818041 0.125728 157.94 0.825764 -0.563715 0.0184307 324.952 0.0557979 0.114166 0.991894 0.577252
-0.718461 -0.682108 0.136169 156.846 0.690206 -0.723388 0.0180432 326.099 0.0861954 0.106948 0.990521 0.66953
-0.833479 -0.541381 0.110538 155.498 0.546113 -0.837564 0.0156736 326.92 0.0840977 0.0734302 0.993748 0.860466
-0.893126 -0.440011 0.0933594 153.891 0.441802 -0.897111 -0.00164243 327.604 0.0844764 0.0397795 0.995631 1.02586
-0.914732 -0.39503 0.0849522 152.175 0.395942 -0.918252 -0.00655011 328.317 0.080595 0.0276446 0.996364 1.19637
-0.915482 -0.387907 0.106868 150.408 0.387957 -0.921434 -0.0211747 329.003 0.106685 0.022075 0.994048 1.34972
-0.91481 -0.390509 0.103077 148.528 0.39142 -0.920133 -0.012085 329.771 0.0995634 0.0292907 0.9946 1.59718
-0.912576 -0.396631 0.0994473 146.528 0.396759 -0.917719 -0.0193362 330.571 0.098934 0.0218109 0.994855 1.79498
-0.909251 -0.404687 0.0974256 145.153 0.404153 -0.914321 -0.0260477 331.109 0.0996193 0.015691 0.994902 1.95553
-0.906096 -0.413112 0.0912641 143.696 0.412512 -0.910574 -0.0262229 331.753 0.0939358 0.0138872 0.995481 2.10974
-0.903301 -0.419222 0.0911107 142.238 0.418805 -0.907744 -0.0245835 332.398 0.0930111 0.0159513 0.995537 2.29491
-0.90055 -0.42474 0.0927637 140.709 0.42396 -0.905218 -0.0289477 333.099 0.0962666 0.0132592 0.995267 2.47267
-0.898813 -0.429954 0.0852883 139.111 0.429607 -0.902715 -0.0233279 333.844 0.0870209 0.015673 0.996083 2.62967
-0.896445 -0.435606 0.0814503 137.497 0.435581 -0.899948 -0.0190172 334.615 0.0815851 0.0184304 0.996496 2.81627
-0.894499 -0.439208 0.0834787 135.86 0.439082 -0.898205 -0.0208435 335.413 0.0841357 0.0180095 0.996292 2.95549
-0.893462 -0.440732 0.086491 134.205 0.440416 -0.89748 -0.0237338 336.222 0.0880842 0.0168868 0.99597 3.14808
-0.894025 -0.439847 0.0851682 132.529 0.439445 -0.897937 -0.0244287 337.046 0.0872207 0.0155868 0.996067 3.32689
-0.895287 -0.437818 0.0823263 130.851 0.437317 -0.89896 -0.0249807 337.854 0.0849451 0.0136378 0.996292 3.51168
-0.896565 -0.435613 0.0800812 129.176 0.434951 -0.900066 -0.0264537 338.645 0.0836019 0.0111139 0.996437 3.67435
-0.897612 -0.433083 0.0820492 127.565 0.432595 -0.901254 -0.0245555 339.389 0.0845817 0.0134527 0.996326 3.8614
-0.89924 -0.429152 0.0848269 125.899 0.428581 -0.903136 -0.0257643 340.218 0.0876671 0.0131869 0.996063 4.06776
-0.903083 -0.422132 0.0790329 124.209 0.421356 -0.906491 -0.0270665 341.006 0.0830682 0.00885771 0.996505 4.24491
-0.906233 -0.416002 0.0753883 122.523 0.415211 -0.909335 -0.0266225 341.728 0.0796282 0.00717581 0.996799 4.405
-0.907987 -0.411028 0.08133 120.885 0.410081 -0.911594 -0.0287982 342.414 0.0859768 0.00720351 0.996271 4.56535
-0.909078 -0.408529 0.081737 119.227 0.40728 -0.912736 -0.0321803 343.147 0.0877509 0.00403544 0.996134 4.77712
-0.90933 -0.408416 0.0794687 117.57 0.407309 -0.912784 -0.0304175 343.883 0.0849608 0.00470871 0.996373 4.93922
-0.907404 -0.411981 0.0830086 115.929 0.410868 -0.911172 -0.0308795 344.621 0.0883568 0.00608537 0.99607 5.13693
-0.904393 -0.41917 0.0798121 114.281 0.417753 -0.907905 -0.0345026 345.34 0.0869243 0.00213786 0.996213 5.30739
-0.900459 -0.428149 0.0765648 112.651 0.426821 -0.903705 -0.0337792 346.069 0.0836546 0.00226264 0.996492 5.47988
-0.896301 -0.436918 0.0758166 111.029 0.435657 -0.899496 -0.0333251 346.814 0.082757 0.00316067 0.996565 5.65213
-0.891359 -0.446531 0.0780318 109.46 0.445374 -0.89475 -0.0326168 347.569 0.0843833 0.00568002 0.996417 5.81978
-0.886784 -0.455188 0.0801145 107.89 0.453934 -0.890375 -0.0342939 348.373 0.0869421 0.00595538 0.996196 5.98805
-0.882656 -0.463351 0.0789026 106.326 0.462236 -0.886144 -0.0329539 349.173 0.0851883 0.00738473 0.996338 6.1949
-0.879023 -0.470635 0.0763041 104.818 0.469711 -0.882284 -0.0307598 349.938 0.0817985 0.00880229 0.99661 6.33201
-0.875543 -0.477145 0.0758793 103.352 0.476521 -0.878739 -0.0273025 350.749 0.0797053 0.0122536 0.996743 6.49373
-0.873501 -0.47992 0.0816888 101.869 0.479671 -0.877122 -0.0239419 351.536 0.0831412 0.0182704 0.99637 6.64374
-0.872977 -0.480743 0.0824447 100.509 0.480693 -0.876619 -0.0217605 352.29 0.0827338 0.0206341 0.996358 6.80272
-0.873188 -0.479632 0.0865752 99.1956 0.479826 -0.877137 -0.0199184 353.016 0.0854919 0.0241486 0.996046 6.95545
-0.876062 -0.474413 0.0863017 97.9492 0.474765 -0.879934 -0.0177155 353.682 0.0843443 0.0254531 0.996112 7.08794
-0.883632 -0.459793 0.0882354 96.2533 0.460792 -0.887453 -0.00990569 354.549 0.0828593 0.0319052 0.99605 7.2888
-0.893063 -0.440736 0.0904977 94.6089 0.441692 -0.897108 -0.0102648 355.388 0.0857103 0.030805 0.995844 7.47987
-0.90201 -0.421956 0.0912692 92.9964 0.422705 -0.906189 -0.0119127 356.112 0.0877338 0.0278345 0.995755 7.65233
-0.909338 -0.404123 0.0989419 91.3894 0.404509 -0.914376 -0.0170265 356.802 0.0973509 0.02454 0.994948 7.83691
-0.915384 -0.389706 0.101007 89.746 0.389551 -0.92074 -0.0220682 357.501 0.101601 0.0191465 0.994641 8.01717
-0.920299 -0.377528 0.102576 88.0467 0.377214 -0.925835 -0.0231984 358.183 0.103726 0.0173435 0.994455 8.23293
-0.92265 -0.371805 0.102368 86.2731 0.370627 -0.928264 -0.0310024 358.84 0.106551 0.00933609 0.994263 8.44119
-0.923041 -0.371709 0.0991356 84.4798 0.370547 -0.92831 -0.0305768 359.594 0.103394 0.00851075 0.994604 8.66697
-0.924297 -0.374458 0.0738604 82.5215 0.373463 -0.927241 -0.0273773 360.348 0.078738 0.00227939 0.996893 8.83871
-0.921993 -0.380388 0.072346 81.1834 0.379176 -0.924827 -0.0303452 360.866 0.0784505 -0.000546254 0.996918 8.98459
-0.917308 -0.388501 0.0872543 79.7894 0.386205 -0.921433 -0.0425023 361.44 0.0969111 -0.00528963 0.995279 9.1134
-0.915795 -0.395752 0.0685566 78.2924 0.394454 -0.918354 -0.0321205 362.083 0.075671 -0.00237333 0.99713 9.2641
-0.91286 -0.402469 0.0685914 76.8286 0.40137 -0.915434 -0.0297182 362.694 0.0747515 0.0004019 0.997202 9.3948
-0.907906 -0.409629 0.08894 75.3013 0.407372 -0.912248 -0.0430359 363.372 0.0987641 -0.00284093 0.995107 9.52263
-0.904772 -0.419122 0.0756623 73.6676 0.416488 -0.907845 -0.0485236 364.069 0.089027 -0.0123904 0.995952 9.72543
-0.898729 -0.431608 0.077462 72.0056 0.428748 -0.90197 -0.0512393 364.831 0.0919836 -0.0128385 0.995678 9.87319
-0.889937 -0.44462 0.101611 70.3568 0.441366 -0.895714 -0.0537846 365.635 0.114929 -0.00301708 0.993369 10.0983
-0.88521 -0.4565 0.0895089 68.6042 0.454371 -0.889722 -0.0440667 366.526 0.0997545 0.0016619 0.995011 10.3243
-0.880955 -0.465611 0.0844051 66.8595 0.464691 -0.884914 -0.0314428 367.455 0.0893314 0.0115226 0.995935 10.5151
-0.877354 -0.470982 0.0917986 65.081 0.470517 -0.881946 -0.0280109 368.37 0.094154 0.0186173 0.995384 10.7302
-0.877215 -0.471545 0.0902155 63.3254 0.471 -0.88167 -0.0285808 369.314 0.0930175 0.01742 0.995512 10.9277
-0.878858 -0.468513 0.0900238 61.5295 0.468587 -0.883152 -0.0216211 370.236 0.0896345 0.0231822 0.995705 11.1418
-0.882238 -0.462478 0.0881427 59.7738 0.462645 -0.886323 -0.0197614 371.184 0.0872621 0.0233445 0.995912 11.3216
-0.884102 -0.456009 0.102078 57.9692 0.456747 -0.889426 -0.0173902 372.087 0.098721 0.0312491 0.994624 11.5432
-0.888056 -0.448842 0.0994877 56.2192 0.449597 -0.893089 -0.015961 372.967 0.0960153 0.0305551 0.994911 11.7571
-0.891159 -0.443688 0.0947386 54.4451 0.444788 -0.895576 -0.0103471 373.845 0.0894365 0.0329176 0.995448 11.9288
-0.892586 -0.44072 0.0951632 52.6481 0.440989 -0.897304 -0.019327 374.673 0.0939082 0.0247149 0.995274 12.1203
-0.89446 -0.436447 0.0972341 50.8864 0.436495 -0.89944 -0.0219102 375.496 0.0970189 0.0228444 0.99502 12.3534
-0.897014 -0.431899 0.093961 49.1214 0.432134 -0.901611 -0.0188883 376.348 0.0928742 0.0236607 0.995397 12.5824
-0.901022 -0.424992 0.0868395 47.364 0.425607 -0.904825 -0.0122268 377.155 0.0837708 0.0259429 0.996147 12.7468
-0.903728 -0.417505 0.094685 45.6295 0.418629 -0.908116 -0.00862014 377.923 0.0895839 0.0318477 0.99547 12.9759
-0.904827 -0.414017 0.0993904 43.8609 0.414889 -0.909783 -0.0127083 378.717 0.0956852 0.0297372 0.994967 13.1805
-0.907067 -0.411342 0.0895921 42.1208 0.411838 -0.911153 -0.0137412 379.509 0.0872845 0.0244333 0.995884 13.3806
-0.908198 -0.408581 0.0907645 40.3924 0.410033 -0.912066 -0.00287561 380.305 0.0839581 0.0346048 0.995868 13.5828
-0.908296 -0.408562 0.0898623 38.6752 0.410145 -0.91202 -0.000931446 381.052 0.0823368 0.0360105 0.995954 13.7656
-0.907323 -0.410583 0.0904815 36.9529 0.411548 -0.911347 -0.00857689 381.797 0.0859817 0.0294555 0.995861 13.9456
