0.477284 -0.878556 0.0184031 0.681433 0.878745 0.477243 -0.00686302 0.552625 -0.00275319 0.0194472 0.999807 0.791128
0.474329 -0.880248 0.0132121 1.48817 0.880347 0.474292 -0.00604466 2.13027 -0.00094558 0.0144984 0.999894 0.799857
0.471519 -0.881732 0.0147828 2.31601 0.881847 0.471523 -0.00340714 3.73613 -0.00396623 0.0146427 0.999885 0.809163
0.468958 -0.883093 0.0150211 3.15176 0.883212 0.468959 -0.0036732 5.36072 -0.0038005 0.0149894 0.99988 0.813684
0.467262 -0.883958 0.016851 3.99817 0.88411 0.467258 -0.00440531 7.00087 -0.00397967 0.0169566 0.999848 0.818252
0.467689 -0.8837 0.0184801 4.85329 0.883817 0.467821 0.00335548 8.66762 -0.0116106 0.0147637 0.999824 0.828415
0.470097 -0.882356 0.021373 5.72365 0.882479 0.470312 0.00615442 10.3446 -0.0154824 0.015968 0.999753 0.8254
0.472197 -0.881337 0.0166164 6.60077 0.881456 0.472266 0.000316469 12.0321 -0.0081263 0.0144972 0.999862 0.817176
0.474016 -0.880337 0.0177972 7.49687 0.8805 0.474035 -0.00340212 13.7395 -0.00544148 0.0172831 0.999836 0.816141
0.472828 -0.880752 0.026643 8.40868 0.881039 0.47304 0.00194494 15.4713 -0.0143162 0.0225539 0.999643 0.815519
0.470705 -0.881635 0.0340171 9.3295 0.882231 0.470771 -0.00652687 17.2013 -0.01026 0.0330832 0.9994 0.802836
0.467851 -0.883298 0.0300035 10.2455 0.883797 0.467738 -0.0111058 18.9736 -0.004224 0.0317128 0.999488 0.809203
0.465798 -0.884386 0.0298722 11.2023 0.884841 0.465865 -0.00510241 20.848 -0.0094039 0.0288088 0.999541 0.868151
0.463646 -0.885495 0.0305236 12.1475 0.885931 0.463814 -0.00173826 22.7016 -0.0126181 0.0278478 0.999533 0.906569
0.462932 -0.885929 0.0286987 13.075 0.886209 0.463255 0.00543462 24.5447 -0.0181095 0.0229172 0.999573 0.924901
0.46288 -0.885992 0.0275842 13.9915 0.886261 0.463164 0.00460866 26.3643 -0.0168592 0.0223135 0.999609 0.92664
0.462366 -0.886363 0.0240424 14.895 0.886582 0.462561 0.00300532 28.1603 -0.0137849 0.019926 0.999706 0.93619
0.460352 -0.88733 0.0268639 15.7991 0.887589 0.460616 0.00431695 29.9437 -0.0162045 0.0218567 0.99963 0.947217
0.459651 -0.887864 0.0204658 16.6754 0.888053 0.45974 -0.000399461 31.7073 -0.00905427 0.0183583 0.99979 0.954799
0.458886 -0.888239 0.0213241 17.5603 0.888428 0.459015 0.00132014 33.4645 -0.0109607 0.0183392 0.999772 0.966023
0.458249 -0.888417 0.0268982 18.4404 0.888697 0.458485 0.00300996 35.206 -0.0150065 0.022525 0.999634 0.972539
0.457725 -0.888543 0.0313008 19.3176 0.889006 0.45789 -0.00209638 36.9256 -0.0124696 0.0287862 0.999508 0.970596
0.455556 -0.889412 0.0376093 20.1889 0.890038 0.455886 0.000222035 38.6422 -0.017343 0.0333726 0.999292 0.966271
0.454281 -0.889879 0.0417669 21.0411 0.890507 0.45492 0.00677397 40.3605 -0.0250286 0.0341164 0.999104 0.949994
0.45201 -0.891361 0.0341054 21.8769 0.891895 0.452241 -0.00105802 42.0336 -0.0144808 0.0308967 0.999418 0.936933
0.450045 -0.892619 0.0263001 22.6904 0.892959 0.450128 -0.00301713 43.6745 -0.00914528 0.0248428 0.99965 0.937758
0.447878 -0.893798 0.0230344 23.4796 0.893989 0.448072 0.00382902 45.2797 -0.0137435 0.0188776 0.999727 0.953644
0.445318 -0.895111 0.0216298 24.2417 0.89527 0.445503 0.00440796 46.8329 -0.0135817 0.0174016 0.999756 0.95888
0.442482 -0.896523 0.0213889 24.9778 0.89665 0.442695 0.00631708 48.3407 -0.0151322 0.0163832 0.999751 0.967208
0.439833 -0.897828 0.0212625 25.6883 0.897899 0.440096 0.009632 49.8047 -0.0180054 0.0148552 0.999728 0.970087
0.436914 -0.899266 0.020642 26.3741 0.89917 0.437262 0.0171682 51.2261 -0.0244647 0.0110597 0.99964 0.97354
0.434618 -0.900536 0.0119226 27.0132 0.90051 0.434731 0.00955262 52.5727 -0.0137856 0.00658466 0.999883 0.98175
0.432949 -0.901381 0.00827237 27.6186 0.901401 0.43298 0.00234436 53.8514 -0.00569493 0.00644173 0.999963 0.988458
0.429868 -0.902841 0.00952913 28.4627 0.902843 0.42993 0.00580332 55.6369 -0.00933633 0.00610865 0.999938 1.0296
0.433308 -0.901141 0.0137773 29.2464 0.901244 0.433224 -0.00870676 57.253 0.00187737 0.0161894 0.999867 1.0635
0.445267 -0.895205 0.0185749 29.9879 0.895356 0.44535 0.00034028 58.755 -0.00857697 0.0164797 0.999827 1.10034
0.474135 -0.880286 0.0170924 30.7004 0.880356 0.474281 0.0055673 60.1288 -0.0130074 0.0124077 0.999838 1.12748
0.529879 -0.847886 0.0178119 31.4317 0.847909 0.530073 0.00855287 61.3522 -0.0166935 0.0105709 0.999805 1.13928
0.641585 -0.766729 0.0222424 32.5265 0.766673 0.64191 0.0128038 62.7548 -0.0240947 0.00883793 0.999671 1.14218
0.784168 -0.620273 0.0185068 33.7881 0.620148 0.784384 0.012545 63.8312 -0.0222978 0.00163962 0.99975 1.1394
0.91411 -0.40509 0.0174733 35.1916 0.405008 0.914277 0.00817745 64.4846 -0.019288 -0.000398271 0.999814 1.11784
0.993769 -0.108801 0.0241835 37.0632 0.108776 0.994063 0.00235731 64.7372 -0.0242964 0.000287964 0.999705 1.08458
0.989938 0.139744 0.0222328 38.9333 -0.139551 0.990164 -0.0100372 64.4777 -0.0234167 0.00683357 0.999702 1.0471
0.955514 0.294455 0.0169702 40.8137 -0.294583 0.95561 0.00549768 63.9366 -0.0145981 -0.0102522 0.999841 1.03303
0.928186 0.372088 -0.00458592 42.3897 -0.372094 0.928195 -0.000557146 63.2654 0.00404932 0.00222353 0.999989 0.985585
0.910944 0.412478 0.00659334 43.6847 -0.412463 0.910967 -0.00353964 62.6531 -0.00746634 0.000504901 0.999972 0.998919
0.897647 0.44071 0.00223751 45.0477 -0.440661 0.897604 -0.01123 61.929 -0.00695757 0.00909459 0.999934 0.993121
0.889428 0.457074 -0.00139389 46.5363 -0.457051 0.889345 -0.0130421 61.1208 -0.00472156 0.0122371 0.999914 0.977036
0.883972 0.467527 -0.00332678 48.1597 -0.467509 0.883812 -0.0176289 60.2076 -0.00530173 0.0171387 0.999839 0.960744
0.881821 0.47153 -0.00713158 49.9026 -0.471541 0.881437 -0.0267935 59.1923 -0.00634791 0.02699 0.999616 0.940415
0.885769 0.464023 -0.00985965 51.79 -0.464089 0.885224 -0.0316099 58.1201 -0.00593969 0.0325748 0.999452 0.920137
0.889304 0.457249 -0.0078632 53.1351 -0.457232 0.888677 -0.0345282 57.3896 -0.00880015 0.0343014 0.999373 0.915742
0.892964 0.450118 -0.00308568 54.5401 -0.449967 0.89244 -0.0328716 56.6549 -0.0120423 0.0307416 0.999455 0.905893
0.896258 0.443509 -0.00452746 55.9749 -0.44346 0.895881 -0.0272158 55.9229 -0.00801441 0.0264002 0.999619 0.90124
0.896741 0.44247 -0.00868852 57.4293 -0.442555 0.896597 -0.016114 55.1922 0.000660127 0.0182952 0.999832 0.899904
0.896735 0.44255 -0.00391315 58.8951 -0.442563 0.896651 -0.0124756 54.4512 -0.00201234 0.0129191 0.999915 0.918453
0.896743 0.442549 -0.00169503 60.3546 -0.442536 0.896669 -0.012117 53.7032 -0.0038425 0.011616 0.999925 0.936559
0.896632 0.442777 -0.000283848 61.809 -0.442764 0.896602 -0.00809987 52.9587 -0.00333193 0.00738828 0.999967 0.958061
0.894887 0.446291 0.0015705 63.2596 -0.446287 0.894887 -0.00238076 52.2195 -0.00246793 0.00142961 0.999996 0.975218
0.890962 0.454017 0.00744037 64.7055 -0.454031 0.890986 0.000273789 51.4702 -0.00650496 -0.00362209 0.999972 0.995042
0.884616 0.466183 0.0113023 66.1344 -0.466229 0.884662 0.00172546 50.6997 -0.00919434 -0.00679583 0.999935 1.01134
0.875687 0.482772 0.0101297 67.5321 -0.482821 0.875714 0.0029231 49.9069 -0.00745955 -0.00745057 0.999944 1.0212
0.8653 0.501103 0.0123362 68.9017 -0.501161 0.865352 0.00196827 49.0929 -0.00968888 -0.00788559 0.999922 1.03368
0.853883 0.520312 0.0126059 70.2415 -0.52036 0.853947 0.000536795 48.2519 -0.0104855 -0.00701795 0.99992 1.0388
0.842287 0.538906 0.0115776 71.5451 -0.538959 0.84233 0.00186268 47.3964 -0.00874834 -0.00780875 0.999931 1.04516
0.831328 0.555699 0.00961705 72.8082 -0.555737 0.831356 0.00175505 46.5269 -0.00701991 -0.00680358 0.999952 1.05122
0.820487 0.571596 0.00884968 74.0297 -0.571627 0.820512 0.00125124 45.6484 -0.00654607 -0.00608535 0.99996 1.0604
0.811016 0.584957 0.00883114 75.2104 -0.584966 0.811056 -0.00187593 44.7631 -0.00825989 -0.0036445 0.999959 1.07106
0.805348 0.59274 0.00859273 76.3534 -0.592679 0.805392 -0.00871525 43.881 -0.0120864 0.00192609 0.999925 1.08165
0.801807 0.597518 0.00882531 77.9971 -0.59741 0.801843 -0.0122068 42.6081 -0.0143703 0.0045152 0.999887 1.08618
0.806624 0.591044 0.00494145 79.5275 -0.590957 0.806609 -0.0123398 41.4305 -0.0112792 0.00703338 0.999912 1.08989
0.824868 0.565305 0.00485421 80.9552 -0.565239 0.824862 -0.0103981 40.4044 -0.00988212 0.00583324 0.999934 1.10123
0.857705 0.514142 0.000253803 82.3213 -0.514137 0.857699 -0.00384318 39.5558 -0.00219362 0.00316582 0.999993 1.12195
0.903569 0.42844 0.00130972 83.7202 -0.428437 0.903569 -0.00195541 38.845 -0.0020212 0.00120572 0.999997 1.14332
0.967247 0.253282 0.0167878 85.6656 -0.253335 0.967378 0.00112241 38.2223 -0.0159559 -0.0053386 0.999858 1.17761
0.999957 0.00835264 0.00403121 87.5822 -0.00832947 0.999949 -0.00573106 38.063 -0.00407887 0.00569723 0.999975 1.19253
0.965359 -0.260874 -0.00519441 89.4031 0.260842 0.965362 -0.00617384 38.4457 0.00662508 0.00460505 0.999967 1.21136
0.865052 -0.501445 0.0154429 91.0574 0.501491 0.865162 0.000964941 39.3125 -0.0138445 0.00690976 0.99988 1.24806
0.755764 -0.654731 0.012219 92.5082 0.654506 0.755841 0.0180287 40.5665 -0.0210396 -0.00562805 0.999763 1.24568
0.70578 -0.708254 0.0158225 93.5529 0.708162 0.705952 0.0118032 41.6089 -0.0195296 0.00287446 0.999805 1.22777
0.684581 -0.72893 0.0030194 94.5993 0.728722 0.684474 0.0214567 42.7523 -0.0177071 -0.0124885 0.999765 1.19993
0.683368 -0.730039 -0.00716525 95.7137 0.730018 0.68316 0.0191219 43.9509 -0.0090647 -0.018298 0.999792 1.19868
0.69272 -0.72105 -0.015069 96.9168 0.721203 0.692637 0.0110068 45.2034 0.00250092 -0.0184924 0.999826 1.19259
0.703079 -0.711095 -0.00484355 98.2273 0.711014 0.702853 0.0213612 46.5345 -0.0117855 -0.0184624 0.99976 1.20549
0.708311 -0.705884 0.00494245 99.627 0.705734 0.708278 0.0168115 47.9058 -0.0153676 -0.00841972 0.999846 1.19798
0.706125 -0.708045 -0.00777853 101.071 0.708081 0.706123 0.00351422 49.3442 0.00300437 -0.00798931 0.999964 1.18803
0.703044 -0.711144 0.00189985 102.091 0.711102 0.703028 0.00924437 50.3651 -0.00790972 -0.00514821 0.999955 1.19316
0.699795 -0.714337 0.003183 103.127 0.714196 0.699733 0.0172501 51.4257 -0.0145496 -0.00979824 0.999846 1.19884
0.69584 -0.718159 -0.00742252 104.174 0.718183 0.695724 0.0134722 52.5145 -0.00451117 -0.0147052 0.999882 1.19051
0.690097 -0.723688 -0.00650103 105.259 0.723713 0.690033 0.0097239 53.6387 -0.00255114 -0.0114153 0.999932 1.19088
0.68604 -0.727564 5.62407e-05 106.373 0.727532 0.68601 0.00937414 54.8002 -0.00685887 -0.00639012 0.999956 1.20089
0.684369 -0.729088 0.00837699 107.519 0.729055 0.684419 0.00698828 56.0045 -0.0108284 0.00132472 0.999941 1.19974
0.684245 -0.729239 0.00433499 108.664 0.729177 0.684248 0.0102493 57.2329 -0.0104404 -0.00385205 0.999938 1.20086
0.685245 -0.728265 -0.00833413 109.812 0.72829 0.685088 0.0157777 58.4775 -0.00578074 -0.0168812 0.999841 1.19919
0.689482 -0.724164 -0.0141945 110.98 0.724245 0.689047 0.0261361 59.7388 -0.00914616 -0.0283006 0.999558 1.20741
0.6928 -0.720943 -0.0164204 112.171 0.72111 0.692431 0.0232377 60.9871 -0.00538311 -0.02794 0.999595 1.20859
0.69384 -0.720106 -0.00582414 113.395 0.720103 0.693723 0.014104 62.2443 -0.00611601 -0.0139799 0.999884 1.19537
0.695651 -0.718355 -0.00595578 114.602 0.718336 0.695494 0.016784 63.5061 -0.00791468 -0.0159541 0.999841 1.19194
0.696999 -0.717063 -0.00367498 115.808 0.716817 0.696605 0.0302499 64.771 -0.019131 -0.0237184 0.999536 1.18958
0.698273 -0.715745 -0.0111355 117.001 0.715832 0.69819 0.0107618 65.9596 7.19633e-05 -0.0154858 0.99988 1.20393
0.697376 -0.716638 -0.00981773 118.206 0.716685 0.697395 0.00194336 67.1499 0.00545415 -0.00839147 0.99995 1.2258
0.695195 -0.718606 0.0175905 119.425 0.718019 0.695368 0.0302113 68.3812 -0.0339419 -0.00837239 0.999389 1.25323
0.694201 -0.719781 -0.00065872 120.587 0.719654 0.694059 0.0194993 69.5584 -0.013578 -0.0140105 0.99981 1.22685
0.692099 -0.721789 -0.00440367 121.759 0.721798 0.692057 0.00805139 70.726 -0.00276381 -0.00875092 0.999958 1.21059
0.687583 -0.726101 -0.00281763 122.906 0.726092 0.687539 0.0089511 71.9194 -0.00456217 -0.00820047 0.999956 1.20016
0.681703 -0.731593 -0.00725304 124.028 0.731622 0.681619 0.011148 73.111 -0.00321196 -0.0129061 0.999912 1.1812
0.67867 -0.734322 -0.013339 125.14 0.734434 0.678455 0.0174679 74.3122 -0.00377715 -0.0216516 0.999758 1.17324
0.676648 -0.736261 -0.00823342 126.259 0.736251 0.676417 0.0198697 75.5033 -0.00906002 -0.0195066 0.999769 1.17141
0.671479 -0.740991 -0.00698662 127.36 0.741019 0.671412 0.00985901 76.6841 -0.00261454 -0.0117973 0.999927 1.16318
0.661583 -0.749868 -0.00250283 128.444 0.749856 0.661544 0.00866516 77.8957 -0.00484199 -0.00760949 0.999959 1.16535
0.653505 -0.756834 0.0115769 129.514 0.756588 0.653595 0.0197003 79.1356 -0.0224765 -0.00411524 0.999739 1.16472
0.647029 -0.762458 0.00331521 130.54 0.762155 0.646884 0.0257153 80.381 -0.0217514 -0.0141118 0.999664 1.14741
0.636788 -0.771031 -0.00365604 131.566 0.771024 0.636737 0.00939882 81.612 -0.00491884 -0.00880395 0.999949 1.12274
0.625585 -0.780136 -0.0056397 132.587 0.780105 0.625445 0.0159821 82.8925 -0.00894087 -0.0143977 0.999856 1.12329
0.611647 -0.790969 -0.0159761 133.582 0.791127 0.611457 0.0154804 84.1841 -0.00247586 -0.0221077 0.999753 1.11848
0.598301 -0.801115 -0.0158089 134.572 0.801271 0.598161 0.0130043 85.4891 -0.000961744 -0.0204477 0.99979 1.10755
0.585459 -0.810574 -0.0143841 135.531 0.810587 0.584986 0.0271954 86.8432 -0.0136294 -0.0275813 0.999527 1.10241
0.574041 -0.818751 -0.0111549 136.476 0.818603 0.573512 0.0311866 88.1957 -0.0191366 -0.0270338 0.999451 1.09318
0.566748 -0.823695 -0.0179687 137.398 0.823805 0.566239 0.0268245 89.5539 -0.0119206 -0.0300054 0.999479 1.0845
0.561522 -0.826938 -0.0294335 138.294 0.827457 0.561046 0.0232704 90.9242 -0.0027296 -0.0374218 0.999296 1.06935
0.55712 -0.830057 -0.0249427 139.21 0.830239 0.556092 0.0382733 92.3274 -0.0178986 -0.0420312 0.998956 1.05247
0.550436 -0.834614 -0.0209936 140.116 0.834526 0.549301 0.0428198 93.719 -0.0242061 -0.0410892 0.998862 1.0315
0.540354 -0.841288 -0.0158664 141.015 0.841394 0.54004 0.020314 95.0822 -0.00852149 -0.0243267 0.999668 0.995592
0.528255 -0.848963 -0.0144644 141.885 0.848954 0.527795 0.0266323 96.4975 -0.0149756 -0.0263483 0.999541 0.971455
0.51696 -0.856009 -0.000296134 142.766 0.855725 0.516779 0.0259549 97.9249 -0.0220646 -0.013671 0.999663 0.944139
0.506534 -0.862209 0.00424136 143.625 0.862041 0.506523 0.0178718 99.3672 -0.0175576 -0.00539645 0.999831 0.919363
0.494549 -0.869065 0.0121541 144.472 0.86915 0.494495 -0.00733257 100.796 0.000362338 0.01419 0.999899 0.893665
0.484199 -0.874875 0.0120987 145.289 0.874721 0.484343 0.016573 102.301 -0.0203592 0.00255833 0.999789 0.88219
0.476318 -0.879212 0.0103522 146.085 0.878839 0.47642 0.0258161 103.804 -0.0276298 -0.00319875 0.999613 0.863187
0.472514 -0.881267 -0.00997238 146.853 0.881294 0.472376 0.013436 105.294 -0.00712994 -0.0151373 0.99986 0.834072
0.468357 -0.883526 -0.00480714 147.654 0.883512 0.468292 0.0104458 106.799 -0.00697799 -0.00913952 0.999934 0.82426
0.468145 -0.883651 0.00103067 148.453 0.883369 0.468025 0.0247345 108.331 -0.022339 -0.0106689 0.999694 0.820294
0.464982 -0.885319 -0.00158716 149.245 0.885216 0.464899 0.0161551 109.842 -0.0135645 -0.00891679 0.999868 0.814038
0.461251 -0.887222 0.00919413 150.054 0.887263 0.461183 -0.00858834 111.33 0.00337958 0.012119 0.999921 0.809577
0.45892 -0.88842 0.0100996 150.839 0.888417 0.458992 0.0064946 112.866 -0.0104056 0.00599215 0.999928 0.824654
0.45652 -0.889649 0.0107018 151.611 0.889627 0.45661 0.00839398 114.372 -0.0123542 0.00568855 0.999907 0.828507
0.456337 -0.889807 0.000539306 152.37 0.889797 0.456334 0.00443392 115.868 -0.00419143 -0.00154349 0.99999 0.824351
0.455137 -0.890419 -0.00193889 153.127 0.890348 0.45507 0.013846 117.371 -0.0114464 -0.00802812 0.999902 0.831632
0.454343 -0.890801 -0.00681376 153.873 0.890712 0.454148 0.0195141 118.865 -0.0142887 -0.0149352 0.999786 0.827695
0.452993 -0.891446 -0.0109976 154.606 0.891492 0.45286 0.012609 120.334 -0.00625988 -0.015516 0.99986 0.821334
0.454407 -0.890701 -0.0128984 155.29 0.890783 0.454281 0.0116399 121.699 -0.00450817 -0.0167789 0.999849 0.808605
0.459778 -0.887931 -0.013502 155.934 0.888028 0.459667 0.0106143 122.96 -0.00321832 -0.0168704 0.999852 0.795974
0.465131 -0.885129 -0.0141184 156.578 0.88524 0.465036 0.00959657 124.219 -0.00192865 -0.0169618 0.999854 0.783342
0.473128 -0.880865 -0.015067 157.544 0.880993 0.473059 0.00808447 126.11 6.27618e-06 -0.0170989 0.999854 0.764388
0.481086 -0.876527 -0.0160441 158.51 0.876671 0.481044 0.00659044 128 0.00194125 -0.017236 0.99985 0.745429
0.489 -0.872117 -0.0170492 159.476 0.872275 0.488988 0.00511523 129.89 0.0038758 -0.017373 0.999842 0.726471
0.500284 -0.865689 -0.0172896 160.436 0.865849 0.500285 0.00462128 131.725 0.00464912 -0.0172821 0.99984 0.713006
0.515425 -0.856924 0.00432137 161.434 0.856885 0.515443 0.0081921 133.38 -0.00924742 -0.000519501 0.999957 0.729928
0.519518 -0.854455 0.00267795 162.423 0.854371 0.519507 0.0127801 135.023 -0.0123112 -0.00435151 0.999915 0.724172
0.518661 -0.854967 -0.00474924 163.411 0.85486 0.518487 0.0196465 136.715 -0.0143346 -0.0142498 0.999796 0.706506
0.513394 -0.858026 -0.0147766 164.406 0.858106 0.513471 -0.00165826 138.408 0.0090102 -0.0118286 0.999889 0.690202
0.502771 -0.864412 -0.00350141 165.418 0.864138 0.5025 0.0275499 140.195 -0.022055 -0.016877 0.999614 0.692768
0.494369 -0.869247 0.00285945 166.428 0.868841 0.494234 0.0291232 141.976 -0.0267285 -0.0119132 0.999572 0.666637
0.488899 -0.872335 0.0031153 167.117 0.872267 0.4889 0.0112875 143.09 -0.0113696 -0.00280108 0.999931 0.675775
0.486253 -0.873564 0.0210857 167.831 0.873581 0.486541 0.011568 144.254 -0.0203644 0.0127951 0.999711 0.681882
0.483196 -0.875056 0.0282583 168.873 0.875386 0.483423 0.00139168 146.004 -0.0148785 0.0240645 0.9996 0.715599
0.480512 -0.87597 0.0422386 169.91 0.876742 0.48096 0.000508539 147.788 -0.0207606 0.036788 0.999107 0.728041
0.479536 -0.87643 0.0437582 170.92 0.877387 0.479741 -0.00637946 149.558 -0.0154014 0.041452 0.999022 0.732414
0.480078 -0.876568 0.0339564 171.885 0.877226 0.479722 -0.0184972 151.295 -7.55899e-05 0.0386675 0.999252 0.739612
0.478478 -0.876823 0.0473222 172.831 0.877889 0.478849 -0.00388655 152.979 -0.0192524 0.0434032 0.998872 0.761291
0.471443 -0.880091 0.0564052 173.7 0.881526 0.472135 -0.00119875 154.533 -0.0255758 0.0502877 0.998407 0.752718
0.443445 -0.894325 0.0594947 174.448 0.896186 0.443477 -0.0133971 155.95 -0.0144032 0.0592592 0.998139 0.72759
0.384614 -0.920902 0.0633366 175.074 0.923003 0.38455 -0.0136832 157.353 -0.0117552 0.0637226 0.997898 0.698822
0.255822 -0.964952 0.0585036 175.652 0.966723 0.255434 -0.0141494 159.227 -0.00129034 0.0601765 0.998187 0.687711
0.0130225 -0.999866 0.00989752 175.768 0.999833 0.0128941 -0.0129299 161.508 0.0128006 0.0100642 0.999867 0.703295
-0.214881 -0.976435 -0.0200138 175.412 0.976608 -0.214994 0.00365511 163.202 -0.00787184 -0.0187603 0.999793 0.707733
-0.425109 -0.904081 -0.0438264 174.711 0.904454 -0.426175 0.0183748 164.721 -0.03529 -0.0318277 0.99887 0.680646
-0.6206 -0.783854 -0.0206827 173.755 0.783807 -0.620885 0.0121992 166.042 -0.0224039 -0.00864042 0.999712 0.606567
-0.761901 -0.647359 -0.0207961 172.399 0.647383 -0.762137 0.0064647 167.244 -0.0200345 -0.00853761 0.999763 0.550524
-0.8265 -0.562636 -0.0184011 171.178 0.562727 -0.826643 0.000336379 168.075 -0.0154004 -0.0100768 0.999831 0.510312
-0.862623 -0.505577 -0.0165354 169.814 0.505744 -0.862647 -0.00793505 168.867 -0.0102524 -0.0152076 0.999832 0.474495
-0.878536 -0.47742 -0.0156189 168.316 0.477635 -0.87842 -0.0155917 169.665 -0.00627616 -0.0211579 0.999756 0.445188
-0.88192 -0.471136 -0.0157494 166.684 0.471354 -0.881808 -0.0154906 170.53 -0.00658974 -0.021085 0.999756 0.419075
-0.881565 -0.471863 -0.0137172 164.898 0.47203 -0.881472 -0.0139658 171.464 -0.00550133 -0.0187867 0.999808 0.387387
-0.8819 -0.471363 -0.00827967 163.617 0.471435 -0.881803 -0.0131273 172.043 -0.00111329 -0.0154803 0.99988 0.334964
-0.881753 -0.471646 -0.00785599 162.256 0.471711 -0.881632 -0.0145938 172.679 -4.29908e-05 -0.0165739 0.999863 0.293507
-0.881043 -0.472987 -0.00682701 160.833 0.473035 -0.880978 -0.0107437 173.385 -0.000932838 -0.012695 0.999919 0.26991
-0.880148 -0.474676 -0.00480325 159.365 0.4747 -0.88012 -0.00702411 174.134 -0.00089326 -0.00846236 0.999964 0.267139
-0.879673 -0.475493 -0.00902174 157.843 0.475526 -0.8797 -0.00184933 174.922 -0.00705708 -0.00591688 0.999958 0.260826
-0.879316 -0.476048 -0.0135028 156.3 0.476055 -0.879411 0.00286212 175.725 -0.013237 -0.00391136 0.999905 0.251011
-0.880534 -0.473928 -0.00719949 154.766 0.473942 -0.880556 -0.000262811 176.52 -0.006215 -0.00364355 0.999974 0.238901
-0.882873 -0.469558 -0.00707624 153.22 0.469529 -0.8829 0.00543392 177.328 -0.00879916 0.00147496 0.99996 0.231007
-0.885825 -0.46377 -0.0152042 151.664 0.463599 -0.885942 0.0135291 178.128 -0.0197444 0.00493583 0.999793 0.220791
-0.887795 -0.460082 -0.0119912 150.13 0.459892 -0.887837 0.0156571 178.976 -0.0178498 0.00838567 0.999806 0.17008
-0.889692 -0.456468 -0.00924673 148.593 0.456377 -0.889726 0.0103697 179.793 -0.0129605 0.00500588 0.999904 0.130008
-0.890878 -0.454137 -0.00975475 147.03 0.454096 -0.890931 0.00624146 180.603 -0.0115253 0.00113079 0.999933 0.0875469
-0.891355 -0.453242 -0.00762703 145.465 0.453271 -0.89137 -0.00245953 181.403 -0.00568374 -0.00564942 0.999968 0.062097
-0.890226 -0.45545 -0.00794449 143.914 0.455496 -0.890222 -0.00528669 182.201 -0.00466454 -0.00832502 0.999954 0.0564669
-0.888418 -0.458966 -0.00793602 142.386 0.458999 -0.888433 -0.00277017 183.021 -0.0057792 -0.00610369 0.999965 0.0586097
-0.886665 -0.462352 -0.00744551 140.878 0.462329 -0.886696 0.00464694 183.839 -0.00875043 0.000678009 0.999961 0.055161
-0.884964 -0.465648 -0.00333796 139.387 0.465604 -0.884946 0.00912257 184.647 -0.00720182 0.00651897 0.999953 0.0429971
-0.883791 -0.467882 -0.000616739 137.906 0.467845 -0.883736 0.0114547 185.442 -0.00590447 0.00983499 0.999934 0.0520501
-0.88403 -0.467362 -0.00795352 136.437 0.467203 -0.884004 0.016106 186.235 -0.0145583 0.0105223 0.999839 0.0676952
-0.885846 -0.463853 -0.0108841 134.976 0.463698 -0.885881 0.0140836 187.004 -0.0161748 0.00742899 0.999842 0.0846635
-0.888837 -0.458186 -0.00588371 133.536 0.458124 -0.888838 0.00943703 187.755 -0.00955358 0.00569251 0.999938 0.10221
-0.893128 -0.449775 -0.00492642 132.093 0.449745 -0.893136 0.00614373 188.49 -0.00716326 0.00327151 0.999969 0.116832
-0.89733 -0.441282 -0.00833681 130.651 0.441272 -0.897368 0.00309021 189.202 -0.00884484 -0.000905867 0.99996 0.122741
-0.900916 -0.433713 -0.0155662 129.213 0.433781 -0.901017 -0.00112754 189.878 -0.0135364 -0.00776815 0.999878 0.135008
-0.90313 -0.428968 -0.0185015 127.79 0.429178 -0.903173 -0.00921602 190.527 -0.0127567 -0.0162637 0.999786 0.149637
-0.904064 -0.426815 -0.0222961 126.402 0.427211 -0.903979 -0.0176815 191.157 -0.0126085 -0.0255103 0.999595 0.162403
-0.904451 -0.425829 -0.0252865 125.056 0.426362 -0.904291 -0.0217595 191.773 -0.0136006 -0.0304616 0.999443 0.189116
-0.903545 -0.427476 -0.0295005 123.145 0.428236 -0.903244 -0.027651 192.654 -0.014826 -0.0376171 0.999182 0.217332
-0.900007 -0.434697 -0.032043 121.362 0.435595 -0.899634 -0.030255 193.498 -0.0156752 -0.0411874 0.999028 0.239895
-0.896294 -0.442587 -0.0278299 119.71 0.443279 -0.895958 -0.0276349 194.313 -0.0127036 -0.0371054 0.999231 0.248411
-0.891212 -0.45257 -0.0303476 118.181 0.45336 -0.890887 -0.0280321 195.067 -0.0143497 -0.0387409 0.999146 0.257267
-0.88515 -0.464332 -0.0300756 116.813 0.465071 -0.884907 -0.0254906 195.782 -0.0147779 -0.0365503 0.999223 0.272792
-0.876351 -0.480513 -0.0334286 115.204 0.4813 -0.876293 -0.0214636 196.653 -0.0189797 -0.0348988 0.999211 0.283151
-0.865375 -0.500213 -0.0302166 113.864 0.500799 -0.865413 -0.0161527 197.437 -0.01807 -0.0291106 0.999413 0.294741
-0.852861 -0.521382 -0.0280894 112.582 0.521868 -0.852915 -0.0137609 198.233 -0.0167832 -0.0263951 0.999511 0.311209
-0.844611 -0.535368 -0.00353572 111.378 0.535306 -0.844367 -0.0221895 199.094 0.0088941 -0.0206342 0.999748 0.352549
-0.80502 -0.593244 0.00219875 110.243 0.592959 -0.804738 -0.0282263 199.905 0.0185145 -0.021419 0.999599 0.362944
-0.703384 -0.710808 -0.00157901 109.105 0.710755 -0.7033 -0.0140187 201.014 0.00885409 -0.0109828 0.9999 0.377545
-0.529829 -0.847992 -0.0138023 108.202 0.848063 -0.529895 0.00131725 202.348 -0.00843077 -0.0110073 0.999904 0.385639
-0.266058 -0.963952 -0.00320169 107.634 0.963947 -0.266069 0.00364677 204.061 -0.00436718 -0.00211601 0.999988 0.374001
0.0504799 -0.998714 0.00467658 107.619 0.998713 0.0505018 0.00467974 206.166 -0.00490989 0.00443433 0.999978 0.358156
0.260573 -0.965414 0.00877227 108.086 0.965454 0.260559 -0.0027481 208.082 0.000367356 0.00918531 0.999958 0.349487
0.369776 -0.929052 0.0113386 108.705 0.929109 0.369805 0.000461552 209.651 -0.00462187 0.0103641 0.999936 0.35633
0.431059 -0.902127 0.0188275 109.52 0.902294 0.43112 -0.000897176 211.306 -0.00730754 0.0173747 0.999822 0.352775
0.459306 -0.888058 0.0197701 110.45 0.888252 0.45935 -0.00249564 213.076 -0.00686512 0.0187071 0.999801 0.341809
0.47175 -0.881487 0.020807 111.477 0.881715 0.471756 -0.0049235 214.951 -0.00547585 0.0206685 0.999771 0.332712
0.474581 -0.879934 0.0221163 112.202 0.88017 0.474654 -0.00213675 216.273 -0.0086174 0.0204802 0.999753 0.325932
0.474788 -0.879747 0.0249332 112.963 0.880014 0.474947 0.000508494 217.656 -0.0122893 0.0217001 0.999689 0.309087
0.471911 -0.881305 0.0245158 113.749 0.881613 0.471952 -0.00446294 219.084 -0.00763705 0.0237195 0.999689 0.280547
0.470599 -0.882195 0.0163944 114.552 0.882344 0.470466 -0.0114425 220.559 0.0023815 0.0198504 0.9998 0.256472
0.470532 -0.882218 0.0170827 115.385 0.882377 0.470514 -0.00529489 222.094 -0.00336638 0.0175648 0.99984 0.245498
0.470648 -0.881915 0.0267536 116.247 0.882114 0.470978 0.00739866 223.676 -0.0191254 0.0201176 0.999615 0.233213
0.469408 -0.882506 0.028987 117.128 0.882915 0.469523 -0.00311212 225.28 -0.0108636 0.0270539 0.999575 0.202123
0.467529 -0.883618 0.0252047 118.023 0.883976 0.467283 -0.0152755 226.926 0.00171995 0.0294221 0.999566 0.179739
0.466187 -0.884387 0.0230096 118.936 0.884685 0.46599 -0.013597 228.635 0.00130273 0.0266949 0.999643 0.181061
0.465965 -0.884385 0.0271831 119.873 0.88472 0.466122 -0.000638478 230.393 -0.012106 0.0243469 0.99963 0.179825
0.467069 -0.883702 0.0302945 120.844 0.884098 0.467301 0.000628198 232.161 -0.0147118 0.0264899 0.999541 0.16387
0.46722 -0.883683 0.0284524 121.822 0.884119 0.467193 -0.0079988 233.944 -0.00622433 0.0288925 0.999563 0.147135
0.46633 -0.884127 0.0292493 122.812 0.884598 0.466247 -0.00999609 235.761 -0.00479959 0.0305353 0.999522 0.142843
0.463529 -0.885436 0.0338053 123.816 0.886012 0.463634 -0.00513625 237.608 -0.0111255 0.0323327 0.999415 0.134697
0.460533 -0.886994 0.033937 124.814 0.887633 0.460373 -0.0128502 239.458 -0.00422562 0.0360415 0.999341 0.121849
0.458285 -0.888292 0.0302068 125.811 0.888803 0.457944 -0.0177795 241.319 0.00196033 0.034996 0.999386 0.129594
0.455683 -0.88963 0.0301806 126.809 0.890135 0.455551 -0.0115109 243.202 -0.00350834 0.0321101 0.999478 0.140067
0.453183 -0.890875 0.0311115 127.803 0.891339 0.453329 -0.00257761 245.085 -0.0118074 0.0288991 0.999513 0.143756
0.452474 -0.891307 0.0289749 128.785 0.891696 0.452634 -0.00113267 246.949 -0.0121055 0.0263493 0.999579 0.133344
0.452978 -0.891118 0.0268205 129.757 0.891495 0.452991 -0.00594587 248.795 -0.00685097 0.0266037 0.999623 0.12521
0.452841 -0.891236 0.0251599 130.727 0.891591 0.452696 -0.0115135 250.63 -0.00112856 0.0276461 0.999617 0.126915
0.453648 -0.890838 0.0247417 131.687 0.891163 0.45364 -0.00622457 252.465 -0.00567875 0.0248726 0.999674 0.140352
0.454389 -0.89051 0.0228459 132.634 0.890763 0.454464 -0.0021297 254.29 -0.00848613 0.021318 0.999737 0.149683
0.455363 -0.89 0.0233519 133.577 0.890146 0.455622 0.00700753 256.119 -0.0168763 0.0175956 0.999703 0.141623
0.456398 -0.889623 0.0164622 134.517 0.889682 0.45654 0.00605788 257.941 -0.0129049 0.0118813 0.999846 0.118214
0.457365 -0.889237 0.00868895 135.457 0.889263 0.457394 0.00159577 259.756 -0.00539329 0.00699691 0.999961 0.10071
0.458257 -0.888816 0.00249706 136.397 0.888815 0.458262 0.00197577 261.573 -0.0029004 0.00131401 0.999995 0.0981013
0.458121 -0.888884 0.00315083 137.348 0.888867 0.458132 0.00554635 263.395 -0.00637356 0.000259772 0.99998 0.0992939
0.457393 -0.889248 0.0054202 138.323 0.889219 0.457422 0.00734647 265.212 -0.00901216 0.00145952 0.999958 0.0950793
0.458241 -0.888816 0.00473584 139.299 0.888786 0.458264 0.00730331 267.043 -0.00866156 0.000862468 0.999962 0.085384
0.459574 -0.888124 0.00532193 140.286 0.888099 0.459602 0.00682182 268.889 -0.00850459 0.00159127 0.999963 0.0763752
0.460496 -0.887648 0.00488381 141.277 0.887609 0.460522 0.00832303 270.757 -0.00963703 0.000502193 0.999953 0.0732419
0.461412 -0.887183 0.00216944 142.274 0.887176 0.461417 0.0036428 272.635 -0.00423285 0.00024384 0.999991 0.0712896
0.461401 -0.887186 0.00314784 143.277 0.887185 0.461409 0.00226964 274.542 -0.00346603 0.0017455 0.999992 0.0789117
0.461909 -0.886908 0.00585589 144.28 0.886854 0.461946 0.00983695 276.466 -0.0114296 0.000649539 0.999934 0.0958154
0.462604 -0.886526 0.00824882 145.28 0.886431 0.462676 0.0130784 278.389 -0.0154109 0.0012619 0.99988 0.101202
0.462647 -0.886466 0.0116945 146.28 0.886429 0.462758 0.00988337 280.294 -0.014173 0.00579381 0.999883 0.102324
0.46232 -0.886625 0.0124985 147.277 0.886661 0.4624 0.00427769 282.19 -0.00957202 0.00910431 0.999913 0.105028
0.461959 -0.886723 0.017791 148.271 0.886795 0.462121 0.00620934 284.087 -0.0137276 0.0129085 0.999822 0.109363
0.461429 -0.88682 0.0251537 149.251 0.886967 0.461751 0.00866389 285.992 -0.019298 0.0183127 0.999646 0.11193
0.46117 -0.886899 0.027068 150.221 0.887231 0.461326 -0.000532527 287.867 -0.0120149 0.0242612 0.999633 0.106604
0.460439 -0.887217 0.0290337 151.187 0.88762 0.460571 -0.00235667 289.72 -0.0112812 0.026856 0.999576 0.112093
0.458493 -0.888015 0.0348438 152.134 0.88855 0.45878 0.000270503 291.541 -0.0162258 0.0308364 0.999393 0.122115
0.456576 -0.88877 0.0403215 153.065 0.889447 0.457032 0.00239602 293.328 -0.0205577 0.0347699 0.999184 0.121192
0.45478 -0.889611 0.0420368 153.979 0.890427 0.455123 -0.00158293 295.084 -0.0177237 0.0381506 0.999115 0.115591
0.453086 -0.890579 0.0397707 154.861 0.891334 0.453338 -0.00293218 296.814 -0.0154183 0.0367775 0.999205 0.109751
0.451808 -0.891246 0.039374 155.719 0.891965 0.452102 -0.00158739 298.504 -0.0163863 0.0358374 0.999223 0.10871
0.451036 -0.891778 0.0360273 156.549 0.892355 0.451334 0.000135891 300.156 -0.0163815 0.0320879 0.999351 0.109383
0.45158 -0.891575 0.0342038 157.354 0.892132 0.451769 -0.00242336 301.747 -0.0132916 0.0316087 0.999412 0.100543
0.454048 -0.890342 0.0336472 158.136 0.89086 0.454276 -0.000953774 303.285 -0.0144359 0.030408 0.999433 0.100281
0.456843 -0.888746 0.0377345 158.898 0.889396 0.457136 -0.000973295 304.746 -0.0163848 0.0340056 0.999287 0.106783
0.459667 -0.887111 0.0417116 159.635 0.887882 0.460071 0.000110338 306.126 -0.0192882 0.0369843 0.99913 0.12391
0.462227 -0.885723 0.0429183 160.328 0.886472 0.462771 0.00317594 307.425 -0.0226744 0.0365779 0.999074 0.132036
0.466024 -0.883899 0.0393079 161.278 0.884649 0.46624 -0.00403598 309.203 -0.0147595 0.0366545 0.999219 0.146627
0.468467 -0.882632 0.0387192 162.14 0.883361 0.468675 -0.00407554 310.811 -0.0145495 0.0361123 0.999242 0.15693
0.463349 -0.885317 0.0390008 162.905 0.886002 0.463681 -0.000603657 312.24 -0.0175495 0.0348345 0.999239 0.182373
0.427664 -0.903334 0.0330235 163.722 0.903906 0.42767 -0.00723414 313.926 -0.00758832 0.0329439 0.999428 0.208526
0.340244 -0.939892 0.0289436 164.334 0.940279 0.340404 0.00062487 315.58 -0.0104398 0.0270025 0.999581 0.246183
0.184107 -0.982569 0.0257416 164.683 0.982826 0.184364 0.00794782 317.259 -0.0125551 0.0238363 0.999637 0.291546
-0.0729035 -0.997274 0.0114076 164.646 0.997043 -0.0725982 0.0252044 319.368 -0.0243075 0.0132113 0.999617 0.322854
-0.30952 -0.950733 0.0174434 164.197 0.950281 -0.30861 0.0415457 321.145 -0.0341156 0.0294354 0.998984 0.30637
-0.488789 -0.871855 0.0308994 163.552 0.872018 -0.487215 0.0469685 322.447 -0.0258951 0.0499025 0.998418 0.274713
-0.656495 -0.753544 0.0344337 162.606 0.754308 -0.655437 0.0377101 323.614 -0.00584712 0.0507301 0.998695 0.277657
-0.790915 -0.611137 0.0310708 161.38 0.611912 -0.78953 0.0469775 324.656 -0.00417835 0.0561678 0.998413 0.287439
-0.870291 -0.492524 0.00373887 159.875 0.492426 -0.869907 0.0279225 325.483 -0.0105 0.0261418 0.999603 0.314171
-0.902676 -0.43011 -0.0134267 158.22 0.429691 -0.902605 0.0258867 326.272 -0.0232532 0.017598 0.999575 0.321109
-0.910733 -0.412948 0.00639504 156.506 0.412979 -0.910727 0.00488652 327.03 0.00380626 0.00709133 0.999968 0.315308
-0.909863 -0.414843 0.00735707 154.683 0.414907 -0.909757 0.0139115 327.876 0.000922073 0.0157101 0.999876 0.345439
-0.908533 -0.417802 0.0029648 152.762 0.417812 -0.908497 0.00813072 328.749 -0.00070352 0.00862575 0.999963 0.373304
-0.905282 -0.424805 0.00216805 151.428 0.424806 -0.905284 -0.000134572 329.355 0.00201987 0.000799175 0.999998 0.390259
-0.90152 -0.432731 -0.00234891 150.043 0.432736 -0.901517 -0.00254177 330.009 -0.00101768 -0.00330792 0.999994 0.41015
-0.898086 -0.439712 -0.00975588 148.603 0.439764 -0.898105 -0.00395924 330.7 -0.00702087 -0.00784602 0.999945 0.427397
-0.895377 -0.445275 -0.00554903 147.121 0.445301 -0.895367 -0.00506081 331.437 -0.00271497 -0.00700232 0.999972 0.4261
-0.892393 -0.45118 -0.00841625 145.579 0.451201 -0.892422 -0.000684127 332.223 -0.00720218 -0.00440793 0.999964 0.420708
-0.889528 -0.456567 -0.0169403 143.997 0.456527 -0.889687 0.00640638 333.042 -0.0179965 -0.00203503 0.999836 0.41426
-0.886898 -0.461608 -0.0181928 142.403 0.461567 -0.887081 0.00664136 333.882 -0.0192042 -0.002507 0.999812 0.404868
-0.885466 -0.464554 -0.0118512 140.794 0.464567 -0.885536 0.00183128 334.731 -0.0113454 -0.00388414 0.999928 0.39363
-0.885324 -0.464844 -0.0109972 139.167 0.464841 -0.885389 0.00294915 335.596 -0.0111077 -0.00250099 0.999935 0.391433
-0.886203 -0.463139 -0.0121295 137.532 0.463111 -0.886285 0.00520464 336.461 -0.0131607 -0.00100493 0.999913 0.392636
-0.887298 -0.460938 -0.0154657 135.9 0.460959 -0.887418 0.0023912 337.314 -0.0148268 -0.00500735 0.999878 0.389111
-0.888164 -0.45923 -0.0165271 134.274 0.45926 -0.888299 0.00213195 338.164 -0.0156601 -0.00569671 0.999861 0.386782
-0.889416 -0.456842 -0.0152943 132.658 0.456909 -0.889513 -0.00101724 339.006 -0.0131398 -0.00789286 0.999883 0.384004
-0.892258 -0.451276 -0.0150252 131.039 0.451333 -0.892356 -0.000461254 339.845 -0.0131997 -0.00719294 0.999887 0.374842
-0.89556 -0.444349 -0.022937 129.411 0.44446 -0.895799 0.000292638 340.664 -0.020677 -0.00993252 0.999737 0.376578
-0.898192 -0.439002 -0.0229914 127.789 0.439271 -0.898318 -0.00811047 341.457 -0.0170931 -0.0173842 0.999703 0.367563
-0.900056 -0.43543 -0.0173405 126.176 0.435617 -0.900088 -0.00887743 342.252 -0.0117425 -0.015544 0.99981 0.366136
-0.900668 -0.434025 -0.0204759 124.562 0.434271 -0.900733 -0.00941033 343.039 -0.014359 -0.0173677 0.999746 0.372097
-0.900038 -0.43539 -0.0191595 122.958 0.435609 -0.90009 -0.00911838 343.832 -0.0132752 -0.0165529 0.999775 0.380653
-0.897208 -0.441194 -0.0191269 121.363 0.441473 -0.897163 -0.0141605 344.619 -0.0109124 -0.0211489 0.999717 0.386322
-0.893079 -0.449264 -0.0239047 119.774 0.449639 -0.893108 -0.0134864 345.421 -0.0152905 -0.022793 0.999623 0.39215
-0.888259 -0.458614 -0.0258646 118.201 0.459019 -0.888339 -0.0124849 346.233 -0.0172508 -0.0229622 0.999587 0.390253
-0.883381 -0.46801 -0.0245862 116.65 0.468362 -0.883469 -0.0109788 347.057 -0.016583 -0.0212137 0.999637 0.387556
-0.878553 -0.477155 -0.0216346 115.115 0.477478 -0.878542 -0.0133664 347.885 -0.0126291 -0.0220731 0.999677 0.389973
-0.873554 -0.486257 -0.0213726 113.595 0.486577 -0.873532 -0.0135909 348.724 -0.0120609 -0.0222718 0.999679 0.399332
-0.868761 -0.494635 -0.0242804 112.086 0.495008 -0.868796 -0.0126319 349.579 -0.0148466 -0.0229932 0.999625 0.40365
-0.86473 -0.501538 -0.0265038 110.596 0.501885 -0.864896 -0.0081781 350.448 -0.0188214 -0.0203737 0.999615 0.404217
-0.862177 -0.506055 -0.0236366 109.153 0.50628 -0.862358 -0.00434633 351.305 -0.0181837 -0.015714 0.999711 0.40761
-0.861109 -0.50811 -0.0177794 107.776 0.508198 -0.86124 -0.000520078 352.129 -0.0150481 -0.00948328 0.999842 0.412898
-0.860979 -0.508456 -0.0136953 106.468 0.508473 -0.861074 0.00251663 352.914 -0.0130723 -0.00479692 0.999903 0.422789
-0.862554 -0.505869 -0.00987706 105.233 0.505836 -0.86261 0.0058485 353.655 -0.0114786 4.84772e-05 0.999934 0.43177
-0.868808 -0.494997 -0.0122604 103.521 0.494849 -0.868878 0.0132761 354.653 -0.0172244 0.00546734 0.999837 0.455731
-0.878325 -0.478025 -0.0060873 101.941 0.477915 -0.878298 0.0137949 355.531 -0.0119408 0.00920722 0.999886 0.469542
-0.888983 -0.457873 -0.00789386 100.366 0.457744 -0.888974 0.0139878 356.358 -0.0134221 0.00882158 0.999871 0.487776
-0.898136 -0.439717 -0.000682511 98.8031 0.4397 -0.898113 0.00755093 357.135 -0.00393324 0.00648166 0.999971 0.502026
-0.905807 -0.423671 0.00413142 97.229 0.423684 -0.905806 0.00284389 357.888 0.00253739 0.00432643 0.999987 0.523966
-0.911634 -0.410969 0.00523088 95.5985 0.410982 -0.911642 0.00150402 358.636 0.00415058 0.00352091 0.999985 0.548044
-0.915405 -0.402508 0.00454987 93.9016 0.402462 -0.915397 -0.00858334 359.379 0.0076198 -0.00602609 0.999953 0.574309
-0.916387 -0.400264 0.00489713 92.1395 0.400219 -0.916383 -0.00817108 360.16 0.00775824 -0.00552794 0.999955 0.596134
-0.915515 -0.401952 -0.0163531 90.2553 0.402057 -0.915607 -0.00364768 360.981 -0.0135068 -0.00991439 0.99986 0.602937
-0.913261 -0.406104 -0.0321616 88.9345 0.406396 -0.913693 -0.00283869 361.554 -0.028233 -0.0156628 0.999479 0.59401
-0.910567 -0.413097 -0.0147834 87.6004 0.413315 -0.910417 -0.0176315 362.147 -0.00617553 -0.0221649 0.999735 0.575209
-0.907126 -0.420509 -0.0171905 86.194 0.420776 -0.907005 -0.0170158 362.792 -0.00843661 -0.0226688 0.999707 0.540805
-0.902959 -0.427781 -0.0408524 84.7134 0.428354 -0.903591 -0.00602811 363.491 -0.0343352 -0.0229424 0.999147 0.531832
-0.900491 -0.434552 -0.0167289 83.2369 0.434796 -0.900392 -0.015697 364.205 -0.0082414 -0.0214087 0.999737 0.489575
-0.896962 -0.441949 -0.0118883 81.6894 0.442108 -0.89658 -0.0261873 364.951 0.000914645 -0.0287449 0.999586 0.470877
-0.891324 -0.452209 -0.0323692 80.0663 0.453087 -0.891007 -0.0286003 365.74 -0.0159079 -0.0401582 0.999067 0.466029
-0.885033 -0.465386 -0.0114989 78.4524 0.46546 -0.884216 -0.0388508 366.573 0.0079131 -0.0397366 0.999179 0.451233
-0.878456 -0.477821 -0.00135709 76.801 0.477628 -0.878011 -0.0311171 367.477 0.0136769 -0.0279832 0.999515 0.469073
-0.871852 -0.489407 -0.0188256 75.0908 0.489688 -0.871764 -0.0152718 368.424 -0.00893736 -0.0225334 0.999706 0.489786
-0.867378 -0.49744 -0.014474 73.3847 0.497617 -0.86729 -0.013658 369.38 -0.00575909 -0.0190492 0.999802 0.47948
-0.865995 -0.499947 -0.0102618 71.6703 0.500045 -0.865911 -0.0123766 370.367 -0.00269819 -0.0158494 0.999871 0.486917
-0.866063 -0.499801 -0.0115712 69.9427 0.499903 -0.866037 -0.00873027 371.361 -0.00565767 -0.0133454 0.999895 0.502311
-0.868268 -0.495762 -0.0181971 68.1993 0.495936 -0.868336 -0.00641265 372.348 -0.012622 -0.0145925 0.999814 0.511539
-0.871477 -0.490293 -0.0118786 66.4696 0.49039 -0.871472 -0.00732842 373.334 -0.00675883 -0.0122117 0.999903 0.510346
-0.87481 -0.484459 0.00249646 64.7552 0.484449 -0.874811 -0.00384065 374.317 0.00404457 -0.00215043 0.99999 0.50717
-0.877925 -0.478756 -0.0063663 63.0186 0.478732 -0.877947 0.00491146 375.291 -0.00794066 0.00126415 0.999968 0.514232
-0.880046 -0.474822 -0.00795431 61.2956 0.474836 -0.880075 0.00016734 376.226 -0.00707984 -0.00362972 0.999968 0.518553
-0.882118 -0.471001 -0.00508307 59.5798 0.471029 -0.882075 -0.00871938 377.135 -0.000376804 -0.0100858 0.999949 0.524669
-0.883963 -0.467534 -0.0045375 57.8717 0.467555 -0.883943 -0.00618172 378.056 -0.00112072 -0.00758594 0.999971 0.541866
