0.480565 -0.87665 0.0232865 0.687383 0.876925 0.48061 -0.00401009 0.55236 -0.0076763 0.0223477 0.999721 0.786151
0.478098 -0.878066 0.020579 1.51693 0.878301 0.478052 -0.00741568 2.10924 -0.00332638 0.02162 0.999761 0.7762
0.474669 -0.880063 0.0133399 2.35939 0.880162 0.474652 -0.00463672 3.69945 -0.00225121 0.0139422 0.9999 0.779374
0.472459 -0.881209 0.0159516 3.21263 0.881342 0.472465 -0.00361952 5.34664 -0.004347 0.0157689 0.999866 0.798621
0.469837 -0.882588 0.0170781 4.02661 0.882744 0.469836 -0.00435515 6.97544 -0.0041801 0.0171218 0.999845 0.791101
0.468151 -0.88347 0.0177903 4.89981 0.883637 0.468154 -0.00425511 8.6391 -0.00456931 0.0177122 0.999833 0.811163
0.468426 -0.883291 0.0193499 5.7797 0.883435 0.46855 0.00215426 10.2773 -0.0109692 0.0160853 0.999811 0.812042
0.471215 -0.881708 0.0234087 6.70834 0.8819 0.471422 0.00394192 11.9707 -0.014511 0.0187866 0.999719 0.796183
0.474608 -0.879899 0.0229241 7.54318 0.880153 0.474686 -0.00228221 13.6578 -0.00887363 0.0212599 0.999735 0.787804
0.475575 -0.879525 0.0163313 8.46756 0.879652 0.475616 -0.00146762 15.3171 -0.00647662 0.0150638 0.999866 0.819232
0.47512 -0.879561 0.0251842 9.41184 0.87982 0.475306 0.00158852 17.0862 -0.0133674 0.0214028 0.999682 0.797666
0.473439 -0.87998 0.0386353 10.3496 0.880763 0.473479 -0.00866686 18.8079 -0.0106663 0.0381317 0.999216 0.786667
0.469896 -0.882064 0.0340959 11.2732 0.882703 0.469793 -0.0114762 20.5537 -0.00589524 0.0354891 0.999353 0.780468
0.468259 -0.883084 0.02997 12.1996 0.883543 0.468323 -0.00526453 22.3137 -0.00938664 0.0289449 0.999538 0.787328
0.466065 -0.884122 0.0333714 13.1625 0.88466 0.466227 -0.00322486 24.0935 -0.0127075 0.0310254 0.999438 0.775963
0.465108 -0.884617 0.0335851 14.0787 0.885069 0.465453 0.0028137 25.8987 -0.0181213 0.0284164 0.999432 0.735854
0.465208 -0.88456 0.0337314 15.0161 0.885029 0.465534 0.00208702 27.6761 -0.0175492 0.0288824 0.999429 0.740978
0.464752 -0.884907 0.0307785 15.9388 0.885328 0.464969 -9.90292e-05 29.4571 -0.0142234 0.027295 0.999527 0.743486
0.462997 -0.885704 0.0341286 16.8314 0.886212 0.463282 0.000506277 31.2213 -0.0162596 0.0300107 0.999418 0.719627
0.462132 -0.886281 0.0306893 17.7168 0.886752 0.462227 -0.00434298 32.9653 -0.0103363 0.0292208 0.99952 0.732057
0.461722 -0.886551 0.029024 18.6329 0.886961 0.461837 -0.00300547 34.7138 -0.0107399 0.0271308 0.999575 0.733555
0.460894 -0.886832 0.0332805 19.5101 0.887332 0.461133 -0.000557047 36.4626 -0.0148527 0.0297876 0.999447 0.713616
0.460607 -0.886801 0.0377789 20.4078 0.887505 0.460779 -0.00452177 38.1599 -0.0133978 0.0356117 0.999277 0.718482
0.459076 -0.887446 0.0411231 21.3138 0.888237 0.459384 -0.00219483 39.8755 -0.0169435 0.0375346 0.999153 0.726851
0.457097 -0.888201 0.0465233 22.1831 0.8891 0.457708 0.00284409 41.5554 -0.0238202 0.0400637 0.998914 0.701739
0.454526 -0.889573 0.0454904 23.004 0.890586 0.45479 -0.00496233 43.2211 -0.0162742 0.0427685 0.998953 0.694198
0.452944 -0.89085 0.035071 23.8321 0.891483 0.453011 -0.00646325 44.8517 -0.0101298 0.0341927 0.999365 0.686341
0.450736 -0.892017 0.0338484 24.6313 0.892546 0.450958 -0.00117003 46.4869 -0.0142205 0.0307386 0.999427 0.678397
0.44844 -0.893145 0.0345781 25.3654 0.893687 0.448693 -0.0005053 48.0267 -0.0150636 0.0311286 0.999403 0.67217
0.445739 -0.894482 0.0349466 26.1357 0.895015 0.446039 0.000907868 49.5011 -0.0163996 0.030873 0.99939 0.669553
0.442969 -0.895893 0.0340172 26.8612 0.896349 0.443336 0.00375012 51.0098 -0.0184408 0.0288301 0.999415 0.659801
0.440275 -0.897239 0.0335077 27.5422 0.897536 0.440817 0.0106072 52.4276 -0.0242879 0.0254043 0.999383 0.619377
0.438501 -0.898122 0.0331193 28.176 0.898593 0.438784 0.00141966 53.7909 -0.0158072 0.0291382 0.999451 0.636206
0.436401 -0.899472 0.0225136 29.0825 0.899699 0.436514 0.000152735 55.6861 -0.00996488 0.0201888 0.999748 0.663713
0.434218 -0.900321 0.0296675 29.9119 0.900791 0.434186 -0.00784867 57.4153 -0.00581491 0.0301322 0.99953 0.69695
0.441023 -0.896995 0.0300229 30.675 0.89749 0.440909 -0.0106891 59.0241 -0.00364925 0.0316593 0.999493 0.693331
0.456317 -0.888891 0.0406362 31.4707 0.889723 0.456464 -0.00613283 60.4933 -0.0130975 0.0389534 0.999156 0.736099
0.493954 -0.868862 0.033043 32.1391 0.869318 0.494255 0.00111684 61.8891 -0.017302 0.0281731 0.999454 0.72288
0.589542 -0.806709 0.0407967 33.285 0.807317 0.590115 0.00256118 63.3401 -0.0261408 0.0314259 0.999165 0.71013
0.723515 -0.689062 0.0415122 34.3935 0.689511 0.724263 0.00458664 64.5726 -0.0332262 0.0253045 0.999129 0.684723
0.866009 -0.498498 0.0391427 35.7639 0.498814 0.866709 0.00193055 65.4336 -0.0348876 0.017853 0.999233 0.629256
0.978263 -0.202556 0.0444522 37.6582 0.202694 0.979243 0.0014253 65.9034 -0.0438181 0.00761583 0.999012 0.581821
0.991578 0.123079 0.0403442 39.8879 -0.122949 0.992398 -0.0057082 65.7655 -0.04074 0.000699847 0.999171 0.515091
0.952861 0.30057 0.0414328 41.595 -0.300625 0.953731 -0.00502659 65.3204 -0.0410265 -0.00766609 0.99913 0.422402
0.921598 0.387616 0.0203488 43.1031 -0.387433 0.921816 -0.0124366 64.6384 -0.0235784 0.0035777 0.999717 0.396919
0.896197 0.44272 0.0288918 44.8296 -0.442594 0.896657 -0.0109608 63.7695 -0.0307585 -0.00296427 0.999524 0.359746
0.882033 0.470533 0.0249137 46.1465 -0.470127 0.882361 -0.0205497 63.0058 -0.0316521 0.00641283 0.99948 0.293333
0.874043 0.485283 0.0234985 47.7001 -0.484913 0.874339 -0.0198332 62.1812 -0.0301703 0.00594034 0.999528 0.24945
0.868178 0.495771 0.0219323 49.3441 -0.495313 0.868405 -0.0232395 61.2155 -0.0305675 0.00931257 0.99949 0.180038
0.867134 0.497689 0.0196797 51.0959 -0.49707 0.867216 -0.0293546 60.2016 -0.0316759 0.0156721 0.999376 0.139987
0.86987 0.492984 0.0172465 52.3471 -0.492246 0.869775 -0.0344784 59.4618 -0.0319978 0.0215021 0.999258 0.0906584
0.874663 0.484408 0.0177901 53.692 -0.483639 0.874564 -0.0351317 58.7587 -0.0325766 0.0221244 0.999225 0.0376686
0.878522 0.477228 0.0213637 55.0722 -0.476396 0.878546 -0.0347495 57.9827 -0.0353524 0.0203505 0.999169 -0.0384711
0.882258 0.470248 0.0221551 56.521 -0.46934 0.882269 -0.0364 57.2741 -0.0366637 0.0217158 0.999093 -0.0770746
0.88437 0.466481 0.0170049 57.941 -0.465818 0.884292 -0.0323159 56.5476 -0.0301119 0.0206579 0.999334 -0.128959
0.884771 0.465644 0.0189585 59.4227 -0.465245 0.88491 -0.0220274 55.7978 -0.0270334 0.0106688 0.999579 -0.154166
0.88502 0.465073 0.0212231 60.8653 -0.464664 0.885226 -0.0215637 55.0463 -0.0288159 0.00922265 0.999543 -0.161838
0.884731 0.465479 0.0241692 62.3317 -0.46512 0.885043 -0.0191125 54.2966 -0.0302872 0.00566779 0.999526 -0.181446
0.884429 0.466074 0.0237687 63.8019 -0.465772 0.884738 -0.0172849 53.5449 -0.029085 0.00421645 0.999569 -0.219752
0.882026 0.470408 0.0273891 65.3035 -0.470243 0.882449 -0.012591 52.7898 -0.0300924 -0.00177397 0.999547 -0.260971
0.877665 0.478069 0.0340479 66.8009 -0.478118 0.878268 -0.00719739 51.9956 -0.0333439 -0.009962 0.999396 -0.284086
0.869253 0.493274 0.0329324 68.2394 -0.4933 0.869825 -0.0078782 51.2326 -0.0325315 -0.00939739 0.999428 -0.330934
0.858707 0.511382 0.0333867 69.6513 -0.511395 0.859303 -0.00878893 50.4047 -0.0331837 -0.00952666 0.999405 -0.355677
0.847524 0.529639 0.0344873 71.0029 -0.52964 0.848167 -0.00984955 49.5938 -0.0344677 -0.00991814 0.999358 -0.376253
0.83581 0.547962 0.0340949 72.3605 -0.547948 0.836447 -0.0105875 48.7411 -0.0343201 -0.00983312 0.999364 -0.431021
0.82357 0.566234 0.0334009 73.6154 -0.566273 0.824168 -0.00917807 47.9206 -0.0327248 -0.0113553 0.999401 -0.454883
0.81271 0.581759 0.0325936 74.865 -0.581803 0.813281 -0.00909144 47.0173 -0.0317967 -0.0115744 0.999429 -0.486436
0.802265 0.596114 0.0319683 76.0414 -0.596115 0.802832 -0.0105408 46.1148 -0.0319486 -0.0106002 0.999435 -0.492022
0.794258 0.606748 0.0318593 77.2459 -0.606604 0.794863 -0.0150906 45.2123 -0.0344799 -0.00734012 0.99938 -0.523509
0.788013 0.614675 0.0348429 78.8788 -0.614343 0.788767 -0.0208095 43.9719 -0.0402739 -0.00500736 0.999178 -0.598337
0.79122 0.610918 0.0274688 80.4323 -0.610359 0.791685 -0.0264732 42.7402 -0.0379195 0.00418027 0.999274 -0.625271
0.804721 0.592993 0.028064 81.8868 -0.592478 0.805203 -0.0249523 41.6516 -0.0373937 0.00345233 0.999296 -0.680607
0.83396 0.551355 0.022854 83.2774 -0.550925 0.834249 -0.0226793 40.6802 -0.0315702 0.00632273 0.999483 -0.702214
0.877485 0.479184 0.0201829 84.6652 -0.478927 0.877704 -0.0163787 39.9029 -0.025563 0.00470592 0.999664 -0.726377
0.930567 0.365067 0.0278273 86.086 -0.364755 0.930972 -0.0157447 39.3123 -0.0316543 0.00450128 0.99949 -0.781998
0.987796 0.152337 0.0324992 88.0181 -0.151872 0.988267 -0.0163148 39.0619 -0.0346032 0.01118 0.99934 -0.801187
0.992536 -0.120898 0.016092 89.9681 0.121195 0.99245 -0.0189217 39.2984 -0.0136829 0.0207307 0.999693 -0.848459
0.92069 -0.389498 0.0249823 91.8253 0.389984 0.920632 -0.0187994 39.9594 -0.0156772 0.0270511 0.999513 -0.865754
0.802153 -0.595979 0.0369348 93.418 0.596558 0.802549 -0.00616247 40.9955 -0.0259692 0.0269769 0.9993 -0.862398
0.730408 -0.68247 0.0272388 94.4896 0.682716 0.730686 0.000387797 41.9075 -0.0201676 0.018313 0.999631 -0.903329
0.692315 -0.720989 0.0296336 95.5394 0.721373 0.69254 -0.00347926 43.1248 -0.0180139 0.0237856 0.999557 -0.922162
0.676918 -0.735929 0.0139483 96.5466 0.735897 0.677046 0.00828061 44.2951 -0.0155375 0.00465918 0.99987 -0.97223
0.679091 -0.734013 0.00807096 97.6037 0.734056 0.679067 -0.00577693 45.4954 -0.00124039 0.00984757 0.999953 -0.942803
0.689526 -0.724263 -0.000154912 98.8005 0.724262 0.689524 0.00213352 46.8398 -0.00143842 -0.00158332 1 -0.946946
0.698557 -0.715476 0.0108189 100.126 0.715449 0.698634 0.00690222 48.1888 -0.0124968 0.00291874 0.99992 -0.948764
0.700044 -0.713829 0.0197652 101.5 0.714077 0.699987 -0.0108327 49.5667 -0.00610271 0.0216972 0.999748 -0.92239
0.698179 -0.715886 0.00753968 102.48 0.715919 0.698087 -0.0117738 50.5826 0.00316534 0.013618 0.999904 -0.943324
0.696175 -0.717794 0.0107615 103.488 0.717863 0.696172 -0.00468098 51.6545 -0.00413188 0.010984 0.999933 -0.924052
0.693176 -0.720542 0.0181932 104.519 0.72069 0.693256 -0.00252131 52.7459 -0.0107958 0.0148593 0.999833 -0.929805
0.688914 -0.724787 0.0092751 105.571 0.724846 0.68887 -0.00779913 53.8593 -0.000736639 0.0120959 0.999929 -0.926928
0.68406 -0.729425 0.00239076 106.685 0.729427 0.684047 -0.0046227 55.1011 0.0017365 0.00490607 0.999989 -0.938189
0.679702 -0.733441 0.00866622 107.804 0.733489 0.679684 -0.00530268 56.2871 -0.0020011 0.00996078 0.999951 -0.938018
0.677848 -0.735042 0.0154973 108.923 0.735197 0.67779 -0.00956609 57.4591 -0.00347247 0.0178779 0.999836 -0.922774
0.677733 -0.735137 0.0160293 109.993 0.735289 0.677722 -0.00691463 58.6994 -0.00578023 0.0164724 0.99985 -0.960364
0.678593 -0.734476 0.007835 111.138 0.734516 0.67858 -0.00460148 59.9629 -0.001937 0.00887743 0.999961 -0.936228
0.682457 -0.730923 -0.00300081 112.289 0.730918 0.682418 0.00833271 61.2492 -0.00404276 -0.00788005 0.999963 -0.941523
0.684825 -0.728704 -0.00321172 113.487 0.72871 0.684806 0.00526927 62.5288 -0.00164035 -0.00594893 0.999983 -0.912944
0.685891 -0.727707 0.00140185 114.671 0.727708 0.68589 -0.000824743 63.8192 -0.000361354 0.0015858 1 -0.890087
0.687911 -0.725794 0.00256715 115.884 0.725795 0.687914 0.000845676 65.1331 -0.00237977 0.00128146 0.999999 -0.892556
0.689379 -0.724393 0.00400762 117.051 0.724319 0.689371 0.0115883 66.3874 -0.0111572 -0.00508592 0.999927 -0.879998
0.690997 -0.722854 -0.00314103 118.211 0.722832 0.691001 -0.00597599 67.5909 0.00649019 0.00185894 0.99998 -0.865896
0.690008 -0.723804 -0.00134824 119.381 0.723773 0.689993 -0.00820713 68.8085 0.00687059 0.00468714 0.999968 -0.792623
0.687574 -0.725729 0.023755 120.549 0.725694 0.687922 0.0116486 70.0697 -0.0247952 0.00922955 0.999652 -0.86913
0.686769 -0.726853 0.00614589 121.713 0.726862 0.686786 0.0011138 71.289 -0.00503047 0.00370227 0.999983 -0.81097
0.684365 -0.729141 -0.00175065 122.838 0.729138 0.684367 -0.00223442 72.4914 0.00282728 0.000252681 0.999998 -0.804121
0.679619 -0.73356 -0.00336421 123.949 0.733565 0.679623 5.5035e-06 73.739 0.00228235 -0.00247162 0.999997 -0.778929
0.673352 -0.739313 0.00434449 125.025 0.739319 0.673309 -0.00826219 74.8997 0.00318314 0.00877529 0.999959 -0.723149
0.670593 -0.741828 -0.000612254 126.131 0.741826 0.670593 -0.0019936 76.1709 0.00188947 0.000882692 1 -0.698517
0.668453 -0.743757 -0.000757647 127.236 0.743757 0.66845 0.0022024 77.4157 -0.00113161 -0.00203572 1 -0.703984
0.663854 -0.747864 -0.00104 128.33 0.747851 0.663849 -0.00526197 78.6602 0.00462562 0.00271541 0.999988 -0.669901
0.653215 -0.757174 0.00153034 129.357 0.757173 0.653206 -0.00381959 79.8664 0.00189245 0.00365373 0.999994 -0.672645
0.645147 -0.764007 0.00914008 130.441 0.763937 0.645211 0.0103577 81.1201 -0.0138107 0.000300167 0.999907 -0.726466
0.638231 -0.769817 0.00698436 131.439 0.769757 0.638268 0.00960171 82.3633 -0.0118494 -0.000751859 0.999932 -0.695034
0.628397 -0.777892 0.00261186 132.443 0.777895 0.628384 -0.0041728 83.6351 0.00160472 0.0046539 0.99999 -0.66419
0.617772 -0.786361 -5.39386e-05 133.461 0.786359 0.61777 0.00227946 84.9107 -0.00175916 -0.00145061 1 -0.640874
0.604267 -0.796734 -0.00902463 134.452 0.796777 0.604273 0.0022976 86.2502 0.00362273 -0.00857897 0.999959 -0.646598
0.591387 -0.806339 -0.00920564 135.417 0.806367 0.591419 -0.00109046 87.5892 0.00632364 -0.00677823 0.999959 -0.649768
0.577797 -0.816151 -0.00735038 136.373 0.816156 0.577677 0.013538 88.969 -0.00680289 -0.0138212 0.999884 -0.635137
0.566293 -0.824182 -0.00638936 137.313 0.824158 0.566158 0.015311 90.3583 -0.00900166 -0.0139363 0.999865 -0.636503
0.558312 -0.829556 -0.0113537 138.26 0.829624 0.558184 0.0126531 91.7641 -0.004159 -0.0164837 0.999858 -0.602045
0.552431 -0.833262 -0.0223624 139.154 0.833548 0.552379 0.0089734 93.1669 0.0048753 -0.0235973 0.999712 -0.592735
0.547169 -0.836819 -0.0186073 140.061 0.836984 0.546784 0.0221178 94.6055 -0.00833444 -0.0276761 0.999585 -0.613783
0.54073 -0.841117 -0.0117483 140.913 0.841098 0.540396 0.0230243 95.9876 -0.0130174 -0.0223314 0.999668 -0.593604
0.53094 -0.847378 -0.00771246 141.81 0.84741 0.53089 0.00753858 97.3464 -0.00229356 -0.0105381 0.999944 -0.583001
0.518825 -0.854753 -0.0149613 142.659 0.85486 0.5186 0.0165408 98.7578 -0.00637937 -0.0213715 0.999754 -0.618842
0.507384 -0.861712 0.00446151 143.525 0.861645 0.507401 0.0107965 100.17 -0.0115672 -0.00163373 0.999934 -0.613803
0.496991 -0.867507 0.0209213 144.384 0.867707 0.497079 -0.00108114 101.645 -0.00946163 0.0186908 0.999783 -0.571848
0.486655 -0.8732 0.0263433 145.209 0.873566 0.486159 -0.0231799 103.042 0.00743365 0.0342931 0.999387 -0.532984
0.475337 -0.879511 0.0228229 146.005 0.879751 0.475439 -0.00103457 104.608 -0.00994101 0.0205702 0.999742 -0.579608
0.467879 -0.883376 0.0272256 146.843 0.88361 0.468189 0.00607878 106.209 -0.0181166 0.0212126 0.999614 -0.557589
0.464007 -0.885747 0.0124243 147.564 0.885833 0.463985 -0.00475208 107.645 -0.00155555 0.0132108 0.999914 -0.599826
0.460092 -0.887801 0.0114304 148.334 0.887866 0.459995 -0.0101706 109.192 0.0037715 0.014828 0.999886 -0.47671
0.459169 -0.888206 0.0161087 149.14 0.888289 0.459277 0.00359947 110.718 -0.0105954 0.0126564 0.999866 -0.539656
0.455544 -0.890106 0.0139891 149.897 0.890194 0.455587 -4.6775e-05 112.269 -0.00633164 0.0124743 0.999905 -0.559729
0.45196 -0.891755 0.0225869 150.655 0.891952 0.451413 -0.0255321 113.765 0.0125723 0.0316859 0.999421 -0.484743
0.450135 -0.892779 0.0181469 151.429 0.892961 0.450087 -0.00686703 115.334 -0.00203696 0.0192955 0.999814 -0.506623
0.447786 -0.893812 0.0243754 152.163 0.894131 0.447759 -0.00684695 116.867 -0.00479445 0.0248607 0.999682 -0.490115
0.447818 -0.893928 0.0189028 152.909 0.894128 0.447709 -0.00986584 118.42 0.000356384 0.0213196 0.999775 -0.493664
0.446647 -0.894602 0.0141048 153.646 0.894704 0.446658 -0.00247043 119.898 -0.00408999 0.013723 0.9999 -0.46862
0.445668 -0.89508 0.0147203 154.344 0.895176 0.445719 0.000209247 121.431 -0.00674839 0.013084 0.999894 -0.474908
0.444019 -0.895979 0.00860103 155.086 0.896021 0.444004 -0.00371489 122.893 -0.000490445 0.00935617 0.999959 -0.446167
0.44096 -0.897492 0.00832323 155.8 0.897499 0.441003 0.00429991 124.403 -0.0075297 0.00557399 0.999959 -0.445772
0.438571 -0.898507 0.0186363 156.434 0.898516 0.438806 0.0111648 125.767 -0.0182094 0.0118484 0.999767 -0.490306
0.438921 -0.898319 0.0194134 157.112 0.898484 0.439013 0.000559176 127.108 -0.00902506 0.0171972 0.999814 -0.407269
0.441787 -0.896984 0.0158343 157.961 0.897115 0.441635 -0.0122199 129.055 0.00396807 0.0196037 0.999803 -0.404617
0.455732 -0.889905 0.0195952 158.882 0.890062 0.455843 0.001449 130.877 -0.0102218 0.0167805 0.99981 -0.378875
0.473056 -0.880865 0.0173684 159.784 0.881007 0.473109 -0.00111287 132.666 -0.00723684 0.015828 0.999852 -0.360902
0.493056 -0.869964 0.00800637 160.709 0.869974 0.492945 -0.0125099 134.447 0.00693643 0.0131334 0.999893 -0.319576
0.506867 -0.861743 0.0221612 161.652 0.862005 0.506873 -0.00572842 136.031 -0.00629651 0.0220066 0.999741 -0.268671
0.510217 -0.859883 0.0168929 162.681 0.859973 0.510334 0.00328401 137.749 -0.0114449 0.0128519 0.999855 -0.327472
0.509322 -0.860501 0.0116036 163.658 0.860492 0.509416 0.00746172 139.466 -0.0123318 0.00618434 0.999908 -0.336292
0.503423 -0.864036 0.00369276 164.639 0.864013 0.503365 -0.0105601 141.111 0.0072655 0.00850678 0.999941 -0.310324
0.49257 -0.870185 0.012658 165.619 0.870047 0.492722 0.0158325 142.9 -0.020014 0.00321443 0.999798 -0.34994
0.485398 -0.874111 0.018027 166.669 0.873974 0.485676 0.017187 144.712 -0.0237786 0.0074126 0.999693 -0.351469
0.479513 -0.877131 0.0267478 167.653 0.877433 0.479705 0.000882647 146.509 -0.0136052 0.0230461 0.999645 -0.354824
0.477702 -0.877683 0.0384655 168.421 0.878305 0.478106 0.00148565 147.755 -0.0196945 0.0330746 0.999262 -0.368535
0.476003 -0.878032 0.0498882 169.416 0.879361 0.475988 -0.0129401 149.562 -0.0123843 0.0500291 0.998674 -0.357651
0.473489 -0.87897 0.0568099 170.408 0.880538 0.473946 -0.00598639 151.398 -0.0216629 0.0528575 0.99837 -0.411918
0.474296 -0.87842 0.0585657 171.382 0.88035 0.473688 -0.0247335 153.162 -0.00601548 0.063289 0.997981 -0.386883
0.474588 -0.878788 0.0500575 172.311 0.880189 0.47422 -0.0197329 154.926 -0.00639727 0.0534248 0.998555 -0.382806
0.473743 -0.878739 0.0582501 173.292 0.880412 0.474163 -0.00725999 156.695 -0.0212403 0.0547231 0.998279 -0.420305
0.460843 -0.884738 0.0697863 174.103 0.887226 0.461184 -0.0121116 158.214 -0.0214686 0.0674975 0.997492 -0.408795
0.423982 -0.902951 0.0701855 174.791 0.905597 0.423685 -0.0198042 159.653 -0.0118542 0.0719562 0.997341 -0.451527
0.328176 -0.941321 0.0788801 175.409 0.944564 0.327921 -0.0165331 161.544 -0.0103034 0.0799328 0.99675 -0.417121
0.17064 -0.983202 0.0648235 175.752 0.9853 0.169692 -0.0198907 163.281 0.00855645 0.0672644 0.997702 -0.392724
-0.103314 -0.994623 0.00766751 175.572 0.994511 -0.103426 -0.0160502 165.542 0.0167568 0.0059672 0.999845 -0.386722
-0.329393 -0.943931 -0.0224191 174.95 0.9441 -0.329607 0.00649924 167.246 -0.0135243 -0.019025 0.999731 -0.39348
-0.537758 -0.842909 -0.0181151 174.034 0.842943 -0.537951 0.00797052 168.719 -0.0164634 -0.0109837 0.999808 -0.341912
-0.711926 -0.702229 -0.0066629 172.838 0.702249 -0.711937 -0.0010618 169.954 -0.00399794 -0.0054349 0.999981 -0.354203
-0.799047 -0.601257 -0.00467259 171.676 0.601272 -0.799043 -0.00314076 170.848 -0.00184521 -0.00531906 0.999988 -0.356684
-0.85002 -0.526753 -0.0021585 170.309 0.526747 -0.849971 -0.00975167 171.6 0.00330202 -0.00942604 0.999954 -0.372352
-0.879001 -0.476824 -0.00194464 168.921 0.476777 -0.878843 -0.0180796 172.348 0.00691169 -0.016819 0.999838 -0.340679
-0.888683 -0.45853 -0.000187443 167.321 0.458396 -0.888413 -0.0245495 173.078 0.0110901 -0.0219026 0.999702 -0.333451
-0.890744 -0.454514 -0.000534436 165.601 0.454385 -0.890463 -0.024849 173.9 0.0108183 -0.0223768 0.999695 -0.280967
-0.889115 -0.457671 0.00439461 163.705 0.457442 -0.888906 -0.0245325 174.897 0.0151341 -0.0198018 0.999693 -0.2454
-0.888892 -0.458094 0.00533017 162.39 0.457844 -0.888696 -0.0246208 175.593 0.0160155 -0.0194448 0.999686 -0.222237
-0.887237 -0.461287 0.00566854 160.995 0.461019 -0.887034 -0.0252886 176.276 0.0166934 -0.0198236 0.999668 -0.19242
-0.885028 -0.465475 0.00817915 159.453 0.465242 -0.884948 -0.0206323 177.07 0.0168419 -0.0144548 0.999757 -0.160827
-0.884239 -0.466993 0.00683105 157.889 0.466814 -0.88417 -0.018331 177.882 0.0146002 -0.01302 0.999812 -0.135202
-0.883344 -0.46873 0.0015227 156.297 0.468662 -0.883264 -0.0144263 178.707 0.00810695 -0.0120297 0.999898 -0.0910797
-0.883653 -0.468147 0.00192423 154.74 0.468047 -0.883537 -0.0173977 179.558 0.0098448 -0.0144728 0.99985 -0.0738668
-0.885273 -0.465032 0.00667657 153.14 0.464892 -0.885233 -0.0157135 180.4 0.0132175 -0.0108068 0.999858 -0.039139
-0.887479 -0.460858 0.000204753 151.603 0.460822 -0.887417 -0.0119306 181.172 0.00567999 -0.0104937 0.999933 -0.0151636
-0.890512 -0.454969 0.000745558 149.999 0.454963 -0.890508 -0.00355648 181.974 0.00228201 -0.00282783 0.999997 -0.0173841
-0.892763 -0.450534 0.00139701 148.435 0.450519 -0.892753 -0.00565293 182.779 0.00379401 -0.00441729 0.999987 0.022069
-0.894706 -0.446653 0.00319546 146.858 0.446627 -0.894702 -0.00639884 183.536 0.00571703 -0.00429784 0.999978 0.0652818
-0.895751 -0.444553 0.0033498 145.296 0.444485 -0.895708 -0.012201 184.261 0.00842442 -0.00944007 0.999924 0.0753731
-0.895498 -0.445041 0.00560012 143.736 0.444889 -0.895416 -0.0176465 185.018 0.0128678 -0.0133109 0.999832 0.149055
-0.89403 -0.447984 0.00540281 142.194 0.447802 -0.89391 -0.0201419 185.779 0.0138528 -0.0155879 0.999786 0.210827
-0.892609 -0.450787 0.00696614 140.693 0.450683 -0.892599 -0.0126059 186.534 0.0119005 -0.00811254 0.9999 0.239946
-0.890653 -0.454574 0.010413 139.195 0.454554 -0.890714 -0.00431891 187.31 0.0112383 0.000886686 0.999941 0.277815
-0.888739 -0.458248 0.0126509 137.733 0.458263 -0.88882 -0.00183687 188.051 0.0120861 0.00416499 0.999922 0.313136
-0.888421 -0.458906 0.0110124 136.203 0.458929 -0.888478 -0.000486124 188.803 0.0100073 0.00462206 0.999943 0.351735
-0.889393 -0.457107 0.00651065 134.731 0.457134 -0.889396 0.00349824 189.563 0.00419147 0.00608758 0.999977 0.356452
-0.891903 -0.452163 0.00812465 133.274 0.452184 -0.891929 0.000900593 190.283 0.00683938 0.00447712 0.999971 0.384318
-0.895445 -0.445043 0.011122 131.796 0.445034 -0.895512 -0.00342153 190.983 0.0114826 0.00188594 0.999937 0.435485
-0.89963 -0.43657 0.00904738 130.314 0.436502 -0.899667 -0.00857611 191.674 0.0118837 -0.00376605 0.999926 0.483029
-0.903453 -0.428684 0.00336934 128.869 0.428617 -0.903409 -0.012179 192.354 0.00826481 -0.00955889 0.999924 0.527104
-0.906837 -0.421482 -0.00273531 127.438 0.421447 -0.90663 -0.0203226 192.975 0.00608569 -0.0195819 0.999794 0.546319
-0.908343 -0.418203 -0.00532656 126.002 0.418182 -0.907948 -0.027619 193.595 0.00671409 -0.0273148 0.999609 0.570118
-0.908703 -0.417379 -0.00789506 123.991 0.417411 -0.908179 -0.0314184 194.484 0.00594322 -0.0318452 0.999479 0.620094
-0.907852 -0.41916 -0.0108909 122.041 0.419269 -0.907152 -0.0360292 195.33 0.00522228 -0.0372751 0.999296 0.660318
-0.904343 -0.426667 -0.0112552 120.249 0.426786 -0.90366 -0.0355104 196.125 0.00498022 -0.036917 0.99931 0.718633
-0.900617 -0.434525 -0.00930417 118.565 0.434562 -0.899919 -0.0361865 196.904 0.00735095 -0.0366332 0.999306 0.757696
-0.895775 -0.444414 -0.00962819 116.972 0.44447 -0.895152 -0.0340149 197.647 0.00649801 -0.034749 0.999379 0.777541
-0.889907 -0.456044 -0.00987472 115.612 0.456102 -0.889288 -0.0338629 198.35 0.0066615 -0.0346385 0.999382 0.804706
-0.881037 -0.472965 -0.00925491 113.922 0.473048 -0.880744 -0.0228925 199.208 0.00267613 -0.024547 0.999699 0.839727
-0.870383 -0.492339 -0.00670825 112.615 0.492369 -0.870171 -0.0195766 199.925 0.00380101 -0.020342 0.99979 0.885966
-0.857364 -0.514696 -0.00491803 111.279 0.514702 -0.85722 -0.0162702 200.714 0.00415837 -0.0164807 0.99986 0.94079
-0.847969 -0.529803 0.0163448 110.097 0.529408 -0.848055 -0.0232211 201.505 0.0261638 -0.0110376 0.999601 0.955683
-0.806687 -0.590593 0.0215545 108.885 0.590033 -0.806922 -0.0273464 202.244 0.0335432 -0.00934208 0.999398 0.998977
-0.72638 -0.687098 0.0166707 107.903 0.686835 -0.726567 -0.0191549 203.231 0.0252735 -0.00246366 0.999682 1.01969
-0.571979 -0.820199 0.0110399 106.977 0.820237 -0.572029 -0.00169373 204.472 0.00770426 0.00808654 0.999942 1.02639
-0.326737 -0.94499 0.0156825 106.344 0.945119 -0.32671 0.00437186 206.164 0.0009922 0.0162502 0.999872 1.04913
-0.0151632 -0.999683 0.0203052 106.18 0.999887 -0.0152013 -0.00168737 208.191 0.00199545 0.0202773 0.999797 1.07462
0.208215 -0.977605 0.0307238 106.583 0.978079 0.208241 -0.00236587 210.043 -0.00408509 0.0305428 0.999529 1.05841
0.33677 -0.941135 0.0293014 107.128 0.941572 0.336799 -0.00407707 211.511 -0.00603163 0.0289623 0.999567 1.04068
0.416495 -0.908519 0.0336837 107.959 0.909064 0.416659 -0.00227869 213.124 -0.0119644 0.0315696 0.999434 1.01864
0.454156 -0.890154 0.0370997 108.862 0.890806 0.454388 -0.00239704 214.859 -0.0147239 0.0341371 0.999313 0.995538
0.472759 -0.880307 0.0396014 109.848 0.881091 0.472922 -0.00571438 216.728 -0.013698 0.0375938 0.999204 0.965982
0.478877 -0.876989 0.0397122 110.897 0.877734 0.479147 -0.0029948 218.725 -0.0164016 0.0362908 0.999211 0.950992
0.479591 -0.876468 0.0424836 111.628 0.877282 0.479983 -0.00107901 220.102 -0.0194457 0.0377874 0.999101 0.914516
0.476977 -0.877673 0.0468214 112.352 0.878777 0.477186 -0.00730627 221.491 -0.01593 0.0446303 0.998881 0.897799
0.475337 -0.878871 0.0406231 113.147 0.879774 0.475223 -0.0130164 222.972 -0.00786533 0.0419262 0.999094 0.867185
0.475043 -0.879321 0.0337356 113.979 0.879884 0.475179 -0.0043615 224.534 -0.0121953 0.0317552 0.999426 0.881708
0.475393 -0.878855 0.0403078 114.832 0.879482 0.475924 0.00419643 226.084 -0.0228715 0.0334549 0.999183 0.84777
0.473875 -0.879533 0.0432831 115.672 0.880442 0.474143 -0.00448927 227.713 -0.0165739 0.0402354 0.999057 0.871758
0.472305 -0.880506 0.0405827 116.577 0.881416 0.472133 -0.0142982 229.421 -0.0065708 0.0425232 0.999079 0.82244
0.471221 -0.881229 0.0373498 117.471 0.881999 0.471085 -0.0128965 231.14 -0.00623021 0.0390194 0.999224 0.828955
0.470198 -0.881656 0.0400763 118.403 0.882409 0.470487 -0.00243796 232.902 -0.0167059 0.0365098 0.999198 0.808336
0.471486 -0.880836 0.0428901 119.362 0.881647 0.47192 1.81934e-05 234.688 -0.0202567 0.0378052 0.999084 0.773049
0.471437 -0.880928 0.0414918 120.302 0.881783 0.471631 -0.00558081 236.523 -0.0146525 0.0392176 0.999128 0.769526
0.470479 -0.881474 0.04077 121.288 0.882318 0.470614 -0.00680096 238.39 -0.0131921 0.0391716 0.99915 0.757108
0.467728 -0.882686 0.0458783 122.269 0.883698 0.468049 -0.00413318 240.221 -0.017825 0.0424756 0.998943 0.725463
0.464662 -0.88413 0.049113 123.234 0.8854 0.464702 -0.0112773 242.098 -0.0128523 0.0487245 0.998734 0.705807
0.462633 -0.885312 0.0469396 124.23 0.886532 0.462361 -0.017124 243.988 -0.006543 0.0495354 0.998756 0.720687
0.459198 -0.887453 0.0396683 125.181 0.888276 0.459241 -0.0085511 245.831 -0.0106286 0.0391629 0.999181 0.734775
0.45645 -0.888661 0.044106 126.129 0.889585 0.456769 -0.00312312 247.77 -0.0173708 0.0406614 0.999027 0.690985
0.455257 -0.889046 0.0484519 127.102 0.890158 0.455652 -0.0031911 249.624 -0.0192401 0.0445824 0.998825 0.689396
0.455498 -0.888597 0.0541076 128.043 0.89013 0.455565 -0.0117966 251.505 -0.0141671 0.0535358 0.99847 0.662482
0.45573 -0.888831 0.0479514 129.019 0.890074 0.455612 -0.0139825 253.391 -0.00941913 0.0490523 0.998757 0.682592
0.456241 -0.888608 0.0472269 129.916 0.889773 0.456302 -0.0100993 255.202 -0.0125754 0.0466288 0.998838 0.67243
0.457248 -0.88809 0.0472392 130.877 0.88922 0.457428 -0.00753621 257.091 -0.0149157 0.0454518 0.99886 0.644405
0.458041 -0.887919 0.0425259 131.824 0.888681 0.458533 0.00206743 258.944 -0.0213352 0.0368448 0.999098 0.613222
0.458585 -0.887585 0.0436152 132.747 0.888427 0.459028 0.000178219 260.747 -0.0201787 0.038667 0.999053 0.622455
0.459869 -0.886808 0.0458626 133.62 0.887886 0.459999 -0.00828232 262.543 -0.0137519 0.0445294 0.998918 0.582827
0.460801 -0.88678 0.0359896 134.56 0.887439 0.460895 -0.00609202 264.374 -0.0111852 0.0347456 0.999339 0.568675
0.460651 -0.886974 0.0329854 135.521 0.887489 0.460833 -0.00228213 266.248 -0.0131766 0.0303253 0.999458 0.587769
0.460425 -0.886801 0.0400528 136.441 0.88755 0.460716 -0.00215574 268.054 -0.0165412 0.0365412 0.9992 0.571716
0.461566 -0.886123 0.0418786 137.377 0.886954 0.461859 -0.00292691 269.925 -0.0167484 0.0384951 0.999123 0.539659
0.463364 -0.885098 0.0436574 138.341 0.886022 0.463633 -0.00432645 271.765 -0.0164117 0.0406859 0.999042 0.537056
0.464405 -0.884506 0.0445898 139.296 0.885463 0.464703 -0.00404558 273.59 -0.0171426 0.0413612 0.999002 0.490606
0.465285 -0.883836 0.0485335 140.27 0.885048 0.465421 -0.00911756 275.503 -0.0145301 0.0471965 0.998785 0.458336
0.465402 -0.884069 0.0428402 141.264 0.885032 0.465442 -0.00961615 277.418 -0.0114383 0.0423901 0.999041 0.483771
0.465531 -0.883819 0.0464462 142.274 0.884866 0.465833 -0.00473705 279.352 -0.0174494 0.0433036 0.998915 0.447877
0.466162 -0.883303 0.049806 143.274 0.884449 0.466643 -0.00217402 281.273 -0.0213213 0.0450641 0.998762 0.410107
0.465801 -0.882992 0.0580133 144.304 0.884656 0.466197 -0.00732147 283.204 -0.0205808 0.0547319 0.998294 0.390805
0.465288 -0.883147 0.0597561 145.279 0.885007 0.465419 -0.0125287 285.078 -0.0167469 0.0587137 0.99814 0.391737
0.465256 -0.883002 0.0621057 146.291 0.884979 0.465506 -0.0112466 286.966 -0.0189798 0.0601945 0.998011 0.373529
0.464468 -0.883162 0.0656225 147.29 0.885305 0.464938 -0.00884396 288.853 -0.0226997 0.0622033 0.997811 0.39155
0.46372 -0.882851 0.0744924 148.285 0.885811 0.463665 -0.0190701 290.756 -0.0177034 0.074829 0.997045 0.366628
0.463276 -0.883088 0.0744466 149.24 0.886068 0.463117 -0.0204229 292.573 -0.0164422 0.0754257 0.997021 0.345813
0.461221 -0.883904 0.0774673 150.184 0.887067 0.461306 -0.0178564 294.405 -0.0199528 0.076954 0.99684 0.337648
0.45932 -0.884576 0.0810106 151.113 0.88795 0.45971 -0.0148629 296.178 -0.024094 0.0787597 0.996608 0.330547
0.457386 -0.884696 0.0901227 151.996 0.888991 0.457445 -0.021205 297.936 -0.0224662 0.0898165 0.99571 0.322174
0.456259 -0.885294 0.0899654 152.883 0.889625 0.456096 -0.0235639 299.674 -0.0201718 0.0907861 0.995672 0.305267
0.455263 -0.885881 0.0892259 153.739 0.890149 0.45506 -0.0237786 301.384 -0.0195382 0.0902493 0.995733 0.293929
0.454377 -0.886442 0.0881728 154.596 0.890566 0.454364 -0.0213754 303.047 -0.0211144 0.0882355 0.995881 0.282957
0.455229 -0.88629 0.0852526 155.41 0.890217 0.454891 -0.0244642 304.638 -0.0170982 0.0870295 0.996064 0.282581
0.457787 -0.884789 0.0871312 156.195 0.888872 0.457542 -0.0239225 306.203 -0.0186998 0.0883993 0.995915 0.25495
0.460245 -0.883021 0.0919807 156.944 0.88758 0.459952 -0.0256186 307.679 -0.0196848 0.0934304 0.995437 0.250596
0.463365 -0.880857 0.0969256 157.668 0.885887 0.463218 -0.0253783 309.048 -0.0225429 0.0976239 0.994973 0.237792
0.466009 -0.879139 0.0998086 158.356 0.884416 0.466105 -0.0237821 310.402 -0.0256134 0.0993543 0.994728 0.192617
0.470258 -0.876701 0.101314 159.296 0.882305 0.469649 -0.0312779 312.166 -0.0201608 0.104098 0.994368 0.218488
0.472509 -0.875808 0.0985256 160.197 0.881089 0.472042 -0.0294701 313.861 -0.020698 0.100734 0.994703 0.202201
0.467461 -0.878368 0.0998131 160.97 0.883744 0.467148 -0.0279222 315.281 -0.0221016 0.101261 0.99462 0.203898
0.432296 -0.896717 0.0950307 161.78 0.901672 0.431133 -0.0335112 316.964 -0.0109208 0.100173 0.994916 0.182482
0.346684 -0.933568 0.0909565 162.347 0.937979 0.345462 -0.0293504 318.661 -0.00402143 0.09549 0.995428 0.184654
0.195361 -0.976595 0.090046 162.683 0.980726 0.194088 -0.0227565 320.407 0.00474686 0.0927555 0.995683 0.225764
-0.0646427 -0.994937 0.0770242 162.591 0.997843 -0.0653626 -0.00684788 322.576 0.0118475 0.0764149 0.997011 0.259449
-0.30514 -0.948915 0.0803808 162.053 0.952134 -0.305629 0.0064641 324.397 0.0184325 0.0785053 0.996749 0.344301
-0.487865 -0.867726 0.0951374 161.341 0.872202 -0.488991 0.0126869 325.735 0.0355123 0.0891681 0.995389 0.407684
-0.657854 -0.746343 0.101055 160.301 0.750477 -0.66089 0.00449375 326.908 0.0634322 0.0787956 0.994876 0.473342
-0.792838 -0.602449 0.09206 159.08 0.605956 -0.79539 0.0135235 327.868 0.0650759 0.066506 0.995667 0.63561
-0.872134 -0.4847 0.0667854 157.55 0.485418 -0.874268 -0.0060892 328.636 0.0613393 0.0271082 0.997755 0.721278
-0.904326 -0.423452 0.0538004 155.906 0.423604 -0.905808 -0.00909193 329.445 0.0525824 0.014568 0.998516 0.890285
-0.910641 -0.40743 0.0688965 154.234 0.406592 -0.913235 -0.0264002 330.112 0.0736743 0.00397171 0.99728 0.940378
-0.909676 -0.408737 0.0737256 152.343 0.408393 -0.912585 -0.020357 330.889 0.075601 0.0115908 0.997076 1.15756
-0.908562 -0.412241 0.0677086 150.437 0.411504 -0.911068 -0.0251209 331.7 0.0720424 0.00503855 0.997394 1.30265
-0.905148 -0.419645 0.0679469 149.066 0.41848 -0.907695 -0.0312367 332.319 0.0747828 0.000160596 0.997205 1.40985
-0.901549 -0.427953 0.0638655 147.668 0.426554 -0.903799 -0.0347951 332.922 0.0726116 -0.00412721 0.997357 1.5269
-0.898312 -0.435326 0.0594839 146.201 0.434193 -0.900276 -0.0314727 333.605 0.0672523 -0.00244468 0.997739 1.67907
-0.89553 -0.440563 0.0627838 144.7 0.439319 -0.897726 -0.033136 334.304 0.0709607 -0.00209202 0.997483 1.79371
-0.892587 -0.447046 0.0587337 143.17 0.445688 -0.894502 -0.0351938 335.072 0.0682702 -0.00523651 0.997659 1.91284
-0.890594 -0.452098 0.0496099 141.577 0.451015 -0.891955 -0.0318224 335.87 0.0586361 -0.00596592 0.998267 2.03513
-0.888146 -0.456738 0.0509841 139.93 0.456135 -0.889605 -0.0235482 336.699 0.0561106 0.00234147 0.998428 2.16439
-0.886358 -0.459763 0.0547635 138.335 0.458747 -0.888046 -0.0305943 337.527 0.0626981 -0.00199485 0.998036 2.27464
-0.886295 -0.459968 0.0540686 136.663 0.458883 -0.887936 -0.0317229 338.369 0.0626005 -0.0033045 0.998039 2.41156
-0.887138 -0.458531 0.0524118 135.031 0.457432 -0.888674 -0.03203 339.216 0.0612633 -0.00444009 0.998117 2.55793
-0.888233 -0.456942 0.0475109 133.36 0.455524 -0.889422 -0.0379188 340.083 0.0595835 -0.0120382 0.998156 2.66306
-0.889161 -0.45494 0.0493335 131.737 0.453734 -0.890494 -0.0340133 340.872 0.0594047 -0.00785891 0.998209 2.81643
-0.890318 -0.452348 0.052216 130.118 0.451099 -0.891821 -0.0342885 341.711 0.0620771 -0.00697298 0.998053 2.95373
-0.892969 -0.447576 0.0479023 128.428 0.445995 -0.894133 -0.040329 342.525 0.0608807 -0.0146481 0.998043 3.09839
-0.896787 -0.440141 0.0454112 126.792 0.438998 -0.897882 -0.0331635 343.278 0.05537 -0.00980503 0.998424 3.24016
-0.899499 -0.434668 0.0444655 125.12 0.433264 -0.900475 -0.0379266 344.019 0.0565251 -0.0148494 0.998297 3.32846
-0.90061 -0.431475 0.0523856 123.462 0.429907 -0.902047 -0.0387601 344.835 0.0639778 -0.0123866 0.997881 3.51192
-0.901864 -0.429304 0.0485076 121.82 0.427771 -0.903053 -0.03899 345.576 0.060543 -0.0144133 0.998068 3.62743
-0.900748 -0.431238 0.0519529 120.189 0.42996 -0.902205 -0.0342305 346.34 0.0616332 -0.00849525 0.998069 3.77926
-0.897636 -0.437847 0.050522 118.584 0.436202 -0.898943 -0.0405297 347.094 0.0631617 -0.014343 0.997906 3.89577
-0.894271 -0.445075 0.0469155 116.958 0.443414 -0.895347 -0.0418397 347.894 0.0606269 -0.0166128 0.998028 4.01279
-0.889504 -0.454733 0.0448866 115.346 0.453159 -0.890487 -0.0411253 348.645 0.0586715 -0.0162401 0.998151 4.14485
-0.884765 -0.463824 0.0455032 113.757 0.462269 -0.885806 -0.0408357 349.445 0.0592471 -0.0150951 0.998136 4.28925
-0.879637 -0.473213 0.0481812 112.191 0.471569 -0.880843 -0.0418406 350.248 0.0622391 -0.0140836 0.997968 4.38826
-0.874667 -0.482346 0.0481032 110.662 0.480667 -0.875874 -0.042616 351.075 0.0626875 -0.0141529 0.997939 4.54356
-0.870755 -0.48959 0.0458348 109.128 0.488035 -0.871855 -0.0412636 351.902 0.060163 -0.0135612 0.998103 4.66493
-0.866886 -0.496597 0.0437484 107.66 0.495219 -0.867905 -0.0388732 352.753 0.0572733 -0.0120334 0.998292 4.78479
-0.864324 -0.500725 0.0472477 106.167 0.499598 -0.865594 -0.0340649 353.57 0.057954 -0.00583809 0.998308 4.89033
-0.862707 -0.50319 0.0504915 104.762 0.502114 -0.864178 -0.0330337 354.414 0.0602553 -0.00314579 0.998184 5.02745
-0.862166 -0.503751 0.0540271 103.419 0.502763 -0.863857 -0.0315245 355.165 0.0625517 -1.63474e-05 0.998048 5.17004
-0.864002 -0.500283 0.0568483 102.187 0.49948 -0.865862 -0.0285609 355.883 0.0635107 0.00371795 0.997981 5.2815
-0.8704 -0.489309 0.054721 100.461 0.488829 -0.87209 -0.0227304 356.879 0.0588434 0.00696476 0.998249 5.40432
-0.879032 -0.472983 0.0600288 98.8604 0.472709 -0.881008 -0.0195588 357.76 0.0621363 0.0111834 0.998011 5.54579
-0.889636 -0.453036 0.0576315 97.2401 0.452577 -0.891473 -0.0215089 358.561 0.0611207 0.00694766 0.998113 5.68361
-0.898151 -0.434901 0.0648056 95.6186 0.434079 -0.900477 -0.0269924 359.307 0.0700944 0.00388759 0.997539 5.83062
-0.905095 -0.419513 0.0694722 94.0427 0.418302 -0.907756 -0.031841 360.045 0.076421 0.00024142 0.997082 5.95476
-0.91081 -0.406787 0.0704547 92.375 0.405374 -0.913527 -0.0339432 360.781 0.0781693 -0.00235516 0.996944 6.12083
-0.914226 -0.399216 0.0695142 90.6315 0.397129 -0.916799 -0.0422131 361.471 0.0805821 -0.010986 0.996694 6.24929
-0.915338 -0.39651 0.0703584 88.8824 0.394427 -0.917976 -0.0419564 362.26 0.0812228 -0.0106529 0.996646 6.43207
-0.915804 -0.398029 0.0537701 86.9777 0.396283 -0.917246 -0.0403879 363.028 0.0653954 -0.0156789 0.997743 6.5709
-0.9129 -0.406179 0.040573 84.9925 0.404633 -0.913553 -0.0412883 363.882 0.0538356 -0.0212747 0.99833 6.72261
-0.908405 -0.414565 0.054313 83.6084 0.411937 -0.90965 -0.05345 364.46 0.0715637 -0.0261804 0.997099 6.83478
-0.905934 -0.421831 0.0368402 82.1385 0.420269 -0.906369 -0.0433729 365.136 0.0516864 -0.0238099 0.998386 6.9471
-0.902801 -0.428423 0.0376517 80.6957 0.426976 -0.903346 -0.0408767 365.799 0.0515246 -0.0208269 0.998461 7.02849
-0.898339 -0.43567 0.0565038 79.1834 0.432876 -0.899759 -0.0553648 366.549 0.0749599 -0.025277 0.996873 7.1286
-0.894676 -0.444668 0.0428835 77.5496 0.442004 -0.89505 -0.0594121 367.295 0.064801 -0.0341996 0.997319 7.2731
-0.888002 -0.45754 0.0460772 75.9294 0.454729 -0.888605 -0.0601303 368.074 0.0684559 -0.0324428 0.997133 7.39262
-0.879794 -0.47042 0.0684231 74.29 0.466483 -0.882058 -0.066182 368.924 0.0914858 -0.026308 0.995465 7.55172
-0.873849 -0.482826 0.0572866 72.5404 0.480031 -0.875458 -0.0561701 369.863 0.0772717 -0.0215845 0.996783 7.7605
-0.86868 -0.492687 0.0516547 70.8529 0.490888 -0.87012 -0.0439578 370.852 0.0666027 -0.0128284 0.997704 7.88833
-0.865693 -0.497385 0.0565456 69.1184 0.495475 -0.86747 -0.0448573 371.826 0.0713624 -0.0108156 0.997398 8.03028
-0.865214 -0.498069 0.0578455 67.3936 0.496366 -0.867113 -0.0418156 372.795 0.0709851 -0.00746675 0.997456 8.1957
-0.866254 -0.496697 0.0539445 65.6183 0.495137 -0.867895 -0.0401377 373.777 0.0667539 -0.00805935 0.997743 8.37064
-0.869953 -0.490226 0.053604 63.8592 0.489012 -0.871594 -0.0346865 374.769 0.0637246 -0.00396249 0.997966 8.50232
-0.871962 -0.484759 0.0685873 62.1054 0.483716 -0.87464 -0.0321822 375.736 0.0755893 0.00511521 0.997132 8.654
-0.87605 -0.477622 0.0665376 60.3424 0.476635 -0.878561 -0.0309999 376.649 0.0732629 0.00455681 0.997309 8.84379
-0.878661 -0.473308 0.0628376 58.6129 0.472779 -0.880862 -0.0239565 377.595 0.0666895 0.00865873 0.997743 9.00228
-0.880713 -0.469183 0.0650021 56.8752 0.46833 -0.883094 -0.0287101 378.481 0.0708726 0.00515718 0.997479 9.13303
-0.882118 -0.466204 0.0673425 55.1572 0.465054 -0.884682 -0.032803 379.366 0.074869 0.00238181 0.997197 9.33448
-0.884891 -0.461541 0.0629386 53.4158 0.460549 -0.887124 -0.0302962 380.251 0.0698167 0.00217763 0.997564 9.5022
-0.888724 -0.45481 0.0577108 51.6443 0.454436 -0.890558 -0.0201866 381.137 0.0605753 0.00828559 0.998136 9.6626
-0.891399 -0.449019 0.0616732 49.9022 0.448536 -0.893495 -0.0222232 381.988 0.0650827 0.00785303 0.997855 9.80059
