0.478682 -0.87775 0.0204598 0.683951 0.877971 0.478687 -0.00496789 0.553054 -0.0054333 0.0203412 0.999778 0.788652
0.475746 -0.879463 0.0145087 1.51819 0.879581 0.475707 -0.00626296 2.12723 -0.00139385 0.0157412 0.999875 0.791413
0.473814 -0.880512 0.0140917 2.34332 0.880622 0.473789 -0.00527 3.70128 -0.00203617 0.0149064 0.999887 0.80533
0.471852 -0.881535 0.0158739 3.20623 0.88167 0.471848 -0.00423584 5.32917 -0.003756 0.0159942 0.999865 0.821088
0.46961 -0.882713 0.0168339 4.06699 0.88287 0.46958 -0.0059385 6.96176 -0.00266286 0.0176509 0.999841 0.827175
0.469112 -0.882971 0.0172454 4.92976 0.883112 0.46916 -0.00133481 8.59278 -0.00691226 0.0158558 0.99985 0.841562
0.470902 -0.881926 0.0214249 5.81786 0.882089 0.47107 0.00333612 10.2665 -0.0130348 0.0173277 0.999765 0.846831
0.473752 -0.880308 0.0248389 6.70781 0.880579 0.473899 4.08371e-05 11.9421 -0.0118071 0.0218533 0.999691 0.84202
0.475969 -0.879214 0.0208716 7.59879 0.879448 0.475961 -0.00569868 13.6336 -0.0049237 0.0210679 0.999766 0.832678
0.476569 -0.878848 0.0225227 8.51969 0.879085 0.476663 -0.00135589 15.3273 -0.00954411 0.0204455 0.999745 0.846776
0.474656 -0.879275 0.039697 9.45963 0.880071 0.4748 -0.00633191 17.0469 -0.0132807 0.0379417 0.999192 0.842486
0.472237 -0.880545 0.0404043 10.3861 0.881446 0.472074 -0.0141007 18.7871 -0.00665749 0.0422731 0.999084 0.838466
0.469607 -0.882223 0.0339566 11.3239 0.882855 0.469512 -0.0112146 20.5548 -0.00604924 0.0352452 0.99936 0.85624
0.46771 -0.883596 0.0224631 12.2485 0.883821 0.467826 -9.73078e-05 22.3004 -0.0104229 0.0198989 0.999748 0.838304
0.466645 -0.884169 0.022076 13.1798 0.884299 0.466876 0.00646734 23.954 -0.016025 0.0165038 0.999735 0.840631
0.466769 -0.88407 0.023394 14.1456 0.88418 0.467062 0.00889636 25.8421 -0.0187914 0.0165319 0.999687 0.803627
0.466144 -0.884382 0.0240523 15.0416 0.884589 0.466356 0.0037481 27.6122 -0.0145317 0.0195293 0.999704 0.788999
0.464954 -0.884925 0.026938 15.9583 0.885205 0.465192 0.0029974 29.4046 -0.0151838 0.022452 0.999633 0.786738
0.463529 -0.885499 0.0321288 16.8603 0.885959 0.463764 -0.000168851 31.1414 -0.0147507 0.0285431 0.999484 0.757551
0.462589 -0.886328 0.0208248 17.7257 0.886508 0.462712 0.00121313 32.8566 -0.0107111 0.0179002 0.999782 0.780277
0.462105 -0.886617 0.0192266 18.6282 0.886703 0.462292 0.00655817 34.5738 -0.0147029 0.0140177 0.999794 0.771955
0.46093 -0.887073 0.0254057 19.5046 0.887306 0.461164 0.00393306 36.3297 -0.0152051 0.0207298 0.999669 0.759245
0.459459 -0.887847 0.0249978 20.4001 0.888096 0.459653 0.00230559 37.9877 -0.0135373 0.0211411 0.999685 0.788122
0.457944 -0.888315 0.0343902 21.3269 0.888717 0.458409 0.00665748 39.7219 -0.0216787 0.0275144 0.999386 0.77722
0.455536 -0.889411 0.0378917 22.1748 0.889947 0.456033 0.0052208 41.3862 -0.0219233 0.0313434 0.999268 0.763228
0.453513 -0.890988 0.0215795 22.9493 0.891204 0.453603 -0.000830533 43.0214 -0.00904853 0.0196084 0.999767 0.786283
0.45121 -0.89237 0.00924488 23.7941 0.892366 0.451271 0.0060646 44.6252 -0.00958381 0.00551342 0.999939 0.831221
0.44944 -0.893201 0.0140154 24.5406 0.893247 0.44954 0.00489689 46.1812 -0.0106744 0.0103183 0.99989 0.837048
0.446083 -0.894915 0.0117445 25.2792 0.8949 0.446186 0.00846251 47.7145 -0.0128134 0.00673515 0.999895 0.818686
0.444202 -0.895837 0.0126921 26.0363 0.895827 0.444319 0.00861647 49.2179 -0.0133583 0.0075425 0.999882 0.845001
0.441947 -0.896911 0.0152718 26.7073 0.896806 0.442157 0.015373 50.6474 -0.0205408 0.00690177 0.999765 0.809295
0.438547 -0.898473 0.0205394 27.368 0.898497 0.438825 0.0116346 52.0168 -0.0194666 0.0133523 0.999721 0.825253
0.436773 -0.899537 0.00789694 28.2991 0.899567 0.436783 -0.000395231 53.9402 -0.00309373 0.00727644 0.999969 0.866932
0.433645 -0.90094 0.0160888 29.1365 0.901055 0.433705 0.000239095 55.6983 -0.0071932 0.0143932 0.999871 0.901066
0.437505 -0.899101 0.0143818 29.9522 0.899213 0.437409 -0.00945697 57.3149 0.00221203 0.0170698 0.999852 0.910034
0.450127 -0.892833 0.015327 30.6742 0.892942 0.450172 -0.000614293 58.8071 -0.00635134 0.0139627 0.999882 0.952709
0.479584 -0.87725 0.0207759 31.3566 0.877411 0.479733 0.00256259 60.1916 -0.0122149 0.0170001 0.999781 0.984821
0.53533 -0.844449 0.0181137 32.1786 0.84454 0.535476 0.00413493 61.4622 -0.0131912 0.0130842 0.999827 0.997137
0.65428 -0.7559 0.0230611 33.3221 0.755905 0.6546 0.0103244 62.7633 -0.0229 0.0106769 0.999681 0.972676
0.802327 -0.596487 0.0217635 34.4848 0.596459 0.802599 0.0084977 63.7458 -0.0225361 0.00616308 0.999727 0.953915
0.927514 -0.373235 0.0203364 35.9129 0.373213 0.927732 0.00502785 64.4343 -0.0207433 0.00292638 0.999781 0.884417
0.997007 -0.0728403 0.0258965 37.7925 0.0728713 0.997341 -0.000258452 64.7179 -0.0258088 0.00214479 0.999665 0.878912
0.984159 0.176022 0.0211364 39.6453 -0.17581 0.984357 -0.0115347 64.4869 -0.0228361 0.007636 0.99971 0.8584
0.943316 0.331285 0.0201259 41.5119 -0.331379 0.943497 0.00141812 63.9209 -0.0185189 -0.00800703 0.999796 0.822134
0.912756 0.408496 0.00265027 43.0367 -0.408491 0.912759 -0.00239099 63.1804 -0.00339577 0.00109978 0.999994 0.781695
0.887619 0.460443 0.0111752 44.7923 -0.460386 0.887688 -0.0073881 62.3252 -0.0133219 0.0014129 0.99991 0.76687
0.876195 0.481906 0.00702038 46.1799 -0.481803 0.87619 -0.0124926 61.556 -0.0121714 0.00756348 0.999897 0.743957
0.866793 0.49861 0.00760195 47.68 -0.498532 0.866812 -0.0101427 60.6902 -0.0116467 0.00500184 0.99992 0.729563
0.862228 0.506483 0.00615309 49.3339 -0.506374 0.862207 -0.013549 59.7401 -0.0121676 0.00856658 0.999889 0.719841
0.862353 0.506297 0.00328273 51.1743 -0.506151 0.86223 -0.0192476 58.685 -0.0125754 0.0149366 0.999809 0.703405
0.868288 0.496058 0.00150209 53.029 -0.495885 0.868059 -0.0239166 57.5883 -0.0131679 0.0200216 0.999713 0.646573
0.872559 0.488453 0.00728949 54.4029 -0.488242 0.87248 -0.0199586 56.812 -0.0161088 0.013856 0.999774 0.608025
0.876188 0.481856 0.0104971 55.7818 -0.481654 0.876194 -0.0171431 56.0338 -0.017458 0.00996462 0.999798 0.60231
0.879666 0.475554 0.00604081 57.2188 -0.475468 0.879655 -0.0117341 55.2942 -0.010894 0.00744989 0.999913 0.563127
0.878993 0.476764 0.00825292 58.7532 -0.476767 0.879028 -0.00171603 54.5343 -0.00807269 -0.00242634 0.999964 0.555359
0.879765 0.475305 0.0099755 60.1359 -0.475293 0.87982 -0.00368534 53.7913 -0.0105283 -0.00149906 0.999943 0.585898
0.879921 0.474963 0.0121981 61.6391 -0.47499 0.879991 -0.000826575 52.9836 -0.0111268 -0.00506667 0.999925 0.574912
0.879744 0.475264 0.0132079 63.0891 -0.475346 0.87979 0.00383656 52.2474 -0.00979679 -0.00965351 0.999905 0.569567
0.876501 0.481045 0.0185 64.5657 -0.481275 0.876503 0.0108005 51.4362 -0.0110197 -0.0183702 0.99977 0.555203
0.871316 0.490135 0.0240134 65.9701 -0.490499 0.871353 0.0124303 50.6671 -0.0148316 -0.0226092 0.999634 0.622098
0.863098 0.504538 0.0224526 67.4182 -0.50484 0.86315 0.0104417 49.8063 -0.0141117 -0.0203472 0.999693 0.58011
0.852242 0.52259 0.0241628 68.7934 -0.522939 0.852299 0.0110581 48.9836 -0.0148151 -0.0220598 0.999647 0.586524
0.840219 0.54168 0.0247973 70.1795 -0.542009 0.840327 0.00879763 48.1111 -0.0160724 -0.0208323 0.999654 0.602266
0.827325 0.561159 0.0251913 71.4975 -0.56153 0.827385 0.0108423 47.247 -0.0147587 -0.0231158 0.999624 0.5999
0.815842 0.57773 0.0251026 72.767 -0.578131 0.81584 0.0130767 46.3599 -0.0129249 -0.0251811 0.999599 0.588161
0.804085 0.594139 0.0211268 73.9811 -0.594434 0.804053 0.012141 45.4924 -0.00977361 -0.0223209 0.999703 0.616476
0.793027 0.608734 0.0234967 75.1713 -0.609091 0.792996 0.0128426 44.5756 -0.0108151 -0.0244962 0.999641 0.624123
0.783957 0.620463 0.0209301 76.3702 -0.620648 0.784083 0.00320274 43.6764 -0.0144237 -0.015501 0.999776 0.665457
0.778664 0.626961 0.0245503 77.9744 -0.627177 0.778875 0.00148859 42.3577 -0.0181883 -0.0165565 0.999698 0.672366
0.781313 0.623972 0.0144525 79.506 -0.623978 0.781428 -0.00462673 41.1534 -0.0141805 -0.00540309 0.999885 0.714703
0.796463 0.604597 0.0104496 80.9242 -0.604562 0.796531 -0.00664129 40.0298 -0.0123387 -0.0010279 0.999923 0.697308
0.825207 0.564798 0.00602299 82.2856 -0.564775 0.825229 -0.00516223 39.0995 -0.00788596 0.000858271 0.999969 0.7007
0.868179 0.496244 0.00261518 83.6396 -0.496242 0.868183 -0.00125359 38.392 -0.00289254 -0.000209421 0.999996 0.664486
0.939893 0.341126 0.0153343 85.5072 -0.341155 0.940007 -0.000779228 37.7225 -0.0146802 -0.00449899 0.999882 0.716244
0.993896 0.109899 0.00964193 87.5105 -0.109881 0.993942 -0.00239223 37.546 -0.00984642 0.00131816 0.999951 0.771508
0.985742 -0.168228 -0.00353248 89.3854 0.168214 0.985743 -0.00395031 37.8531 0.00414666 0.00329977 0.999986 0.743612
0.903308 -0.428859 0.0107348 91.1732 0.428882 0.903361 0.000207338 38.6042 -0.00978632 0.00441667 0.999942 0.780264
0.817076 -0.576273 0.0172284 92.3862 0.576217 0.817252 0.00855469 39.4364 -0.0190098 0.00293744 0.999815 0.803959
0.730839 -0.682484 0.00949161 93.7257 0.68245 0.730899 0.00695895 40.6167 -0.0116868 0.00139167 0.999931 0.794531
0.704992 -0.709162 0.00866075 94.7357 0.7091 0.705045 0.00941755 41.6679 -0.0127848 -0.000497958 0.999918 0.773142
0.702312 -0.711827 -0.00777499 95.8281 0.711863 0.702215 0.0120379 42.7557 -0.00310919 -0.0139891 0.999897 0.746611
0.708816 -0.705311 -0.0107691 97.0451 0.705381 0.70881 0.00498206 44.0308 0.00411933 -0.0111277 0.99993 0.805834
0.720033 -0.69386 -0.0105215 98.3524 0.693939 0.719956 0.0105907 45.2826 0.000226513 -0.0149269 0.999889 0.832504
0.727369 -0.686231 0.0045288 99.7209 0.686214 0.727383 0.00491337 46.5939 -0.00666588 -0.000466106 0.999978 0.852539
0.727468 -0.686138 -0.00213717 101.242 0.686138 0.727471 -0.000967192 47.9997 0.00221835 -0.000762792 0.999997 0.823056
0.7223 -0.691577 -0.00176425 102.733 0.691579 0.722301 0.000327915 49.4617 0.00104754 -0.00145698 0.999998 0.862685
0.72026 -0.693686 0.00497083 103.798 0.693669 0.720278 0.00479673 50.4911 -0.00690781 -6.77444e-06 0.999976 0.846951
0.716254 -0.697833 -0.00289265 104.926 0.697833 0.716259 -0.00133736 51.5627 0.00300514 -0.0010607 0.999995 0.866488
0.710846 -0.703232 -0.0127912 106.048 0.703328 0.710845 0.00540522 52.6711 0.00529141 -0.0128387 0.999904 0.81966
0.706032 -0.708158 -0.00553411 107.139 0.708175 0.706034 0.00187784 53.8095 0.00257746 -0.00524493 0.999983 0.865133
0.704579 -0.70962 -0.00294431 108.312 0.709622 0.704554 0.0063537 54.9444 -0.00243429 -0.00656603 0.999976 0.843227
0.704441 -0.709757 0.00286121 109.459 0.709749 0.704447 0.00325182 56.1103 -0.00432357 -0.000259977 0.999991 0.837886
0.706275 -0.707849 -0.0112309 110.651 0.707938 0.706189 0.0110225 57.3687 0.000128872 -0.0157357 0.999876 0.816142
0.70938 -0.70467 -0.0148038 111.804 0.704823 0.709163 0.017688 58.565 -0.00196588 -0.0229816 0.999734 0.824979
0.711437 -0.702607 -0.0141624 113.014 0.702749 0.711321 0.0128796 59.841 0.00102475 -0.0191157 0.999817 0.863144
0.712722 -0.70138 -0.00971567 114.255 0.701444 0.712693 0.00680038 61.0207 0.00215464 -0.0116618 0.99993 0.876455
0.71459 -0.699502 -0.00765972 115.472 0.699543 0.714533 0.00905895 62.2331 -0.000863628 -0.0118317 0.99993 0.91173
0.715924 -0.698132 -0.00800545 116.694 0.698125 0.715684 0.0204402 63.4688 -0.00854056 -0.0202224 0.999759 0.893527
0.716853 -0.697143 -0.0106313 117.918 0.697188 0.716888 0.000716521 64.6464 0.00712195 -0.00792567 0.999943 0.906949
0.716122 -0.697849 -0.0132193 119.073 0.697828 0.716232 -0.00695441 65.7446 0.0143212 -0.00424456 0.999888 0.941583
0.713425 -0.700576 0.0147842 120.328 0.700292 0.713566 0.0203755 66.9921 -0.0248241 -0.00418314 0.999683 0.996723
0.711755 -0.702428 -0.000619289 121.54 0.70242 0.711742 0.00540195 68.1687 -0.00335371 -0.00427987 0.999985 0.964355
0.710731 -0.703431 -0.00681971 122.72 0.703444 0.71075 -0.000478898 69.3363 0.00518398 -0.00445692 0.999977 0.978959
0.706564 -0.70761 -0.00750117 123.871 0.707639 0.706571 0.00214019 70.5238 0.00378568 -0.0068203 0.99997 0.992242
0.700536 -0.713593 -0.00593511 125.004 0.713583 0.700559 -0.00395006 71.7102 0.00697663 -0.00146804 0.999975 1.02563
0.697374 -0.716619 -0.0112486 126.124 0.716694 0.69737 0.00486195 72.8776 0.00436028 -0.0114524 0.999925 1.04611
0.695318 -0.71869 -0.00432371 127.269 0.718702 0.695314 0.0026053 74.0834 0.00113393 -0.00491898 0.999987 1.09052
0.690075 -0.723727 -0.00404264 128.397 0.723713 0.690087 -0.00435864 75.2718 0.00594424 8.20681e-05 0.999982 1.07642
0.680078 -0.733139 0.000577191 129.458 0.733132 0.680067 -0.00505808 76.4149 0.00331575 0.00386304 0.999987 1.09315
0.672069 -0.740379 0.0127486 130.572 0.740352 0.672176 0.00767113 77.6484 -0.0142489 0.00428294 0.999889 1.11619
0.665137 -0.746636 0.0112758 131.606 0.746598 0.665226 0.00807291 78.8811 -0.0135284 0.00304886 0.999904 1.12314
0.656438 -0.754377 0.00221532 132.676 0.754375 0.656419 -0.00577936 80.075 0.00290564 0.00546497 0.999981 1.11778
0.644706 -0.764428 0.00173181 133.707 0.764428 0.644698 -0.00376719 81.3761 0.00176325 0.00375258 0.999991 1.12097
0.631624 -0.775257 -0.00523447 134.7 0.775248 0.631644 -0.00400565 82.6389 0.00641173 -0.00152794 0.999978 1.1574
0.618166 -0.785907 -0.0148673 135.75 0.785972 0.618258 -0.00222309 83.9421 0.010939 -0.0103111 0.999887 1.18541
0.605746 -0.795599 -0.00965717 136.739 0.795654 0.605662 0.0103965 85.2588 -0.0024225 -0.0139814 0.999899 1.17953
0.594562 -0.804011 -0.00789328 137.719 0.803997 0.594381 0.0173339 86.5962 -0.00924508 -0.0166523 0.999819 1.173
0.587695 -0.808986 -0.0125189 138.681 0.80908 0.587585 0.0115387 87.9609 -0.00197871 -0.01691 0.999855 1.18426
0.581121 -0.813514 -0.0222153 139.586 0.813791 0.581105 0.00781618 89.3139 0.00655082 -0.0226207 0.999723 1.20694
0.575753 -0.817355 -0.020934 140.521 0.817615 0.575446 0.0191692 90.6939 -0.00362165 -0.0281527 0.999597 1.21381
0.569822 -0.821701 -0.0104929 141.511 0.821652 0.569482 0.0240425 92.0732 -0.0137802 -0.0223215 0.999656 1.20789
0.559685 -0.828705 -0.00076413 142.424 0.8287 0.559684 -0.00312106 93.4086 0.00301411 0.00111357 0.999995 1.22868
0.547813 -0.836596 -0.00260854 143.315 0.8366 0.547809 0.00220055 94.8314 -0.000411991 -0.0033878 0.999994 1.26567
0.536056 -0.844097 0.0120215 144.205 0.844138 0.53612 0.00259084 96.1883 -0.00863189 0.00875899 0.999924 1.25634
0.526624 -0.849604 0.028997 145.127 0.850086 0.526492 -0.0126123 97.5868 -0.00455124 0.0312919 0.9995 1.31082
0.514854 -0.856895 0.0256043 146.018 0.857206 0.514196 -0.028292 99.0048 0.0110777 0.0365144 0.999272 1.33363
0.503981 -0.86327 0.027726 146.833 0.86371 0.503824 -0.0128926 100.483 -0.00283926 0.0304448 0.999532 1.37333
0.496544 -0.867157 0.0384984 147.661 0.867932 0.496609 -0.00853234 101.989 -0.0117198 0.0376506 0.999222 1.33704
0.493906 -0.869321 0.0184007 148.47 0.869471 0.493556 -0.0205564 103.44 0.00878837 0.0261518 0.999619 1.37952
0.489383 -0.871934 0.0153448 149.335 0.872018 0.489088 -0.0194129 104.979 0.00942183 0.0228813 0.999694 1.41973
0.489793 -0.871513 0.0238161 150.151 0.871832 0.489717 -0.00933546 106.425 -0.00352714 0.025336 0.999673 1.4282
0.486291 -0.87352 0.0219954 150.983 0.873796 0.486097 -0.0137856 107.938 0.00135011 0.0259233 0.999663 1.42087
0.48417 -0.874492 0.0290367 151.866 0.874711 0.482944 -0.0405645 109.411 0.0214502 0.0450388 0.998755 1.50576
0.480386 -0.876661 0.0263594 152.72 0.877037 0.479956 -0.0211459 110.944 0.00588644 0.0332764 0.999429 1.52546
0.479188 -0.877135 0.0318174 153.505 0.877702 0.478693 -0.0221917 112.42 0.00423441 0.0385602 0.999247 1.55899
0.479204 -0.877436 0.021682 154.314 0.877632 0.478704 -0.024569 113.887 0.0111784 0.0308024 0.999463 1.57901
0.47716 -0.87848 0.0243065 155.087 0.878801 0.476808 -0.0190206 115.391 0.00511967 0.0304364 0.999524 1.64353
0.477275 -0.878391 0.0252385 155.881 0.878751 0.477004 -0.0162502 116.897 0.00223521 0.0299342 0.999549 1.67446
0.475781 -0.879189 0.0256881 156.615 0.879494 0.475173 -0.0264718 118.268 0.0110674 0.0351873 0.999319 1.71053
0.472764 -0.88083 0.0251536 157.382 0.881185 0.472485 -0.0164643 119.783 0.00261754 0.0299487 0.999548 1.74743
0.471 -0.88146 0.0344487 158.179 0.8821 0.47096 -0.00976201 121.145 -0.00761913 0.0349851 0.999359 1.74641
0.472277 -0.880939 0.0300207 159.202 0.881408 0.471647 -0.0258696 123.125 0.00863042 0.0386781 0.999214 1.78211
0.479015 -0.877498 0.0232899 160.098 0.877677 0.47832 -0.0298646 124.85 0.0150661 0.0347466 0.999283 1.78259
0.493161 -0.869535 0.0264876 161.103 0.869933 0.493028 -0.01178 126.716 -0.00281603 0.0288519 0.99958 1.85088
0.512119 -0.858633 0.0219792 162.045 0.858789 0.511439 -0.0301863 128.362 0.0146779 0.0343345 0.999303 1.85551
0.529324 -0.848156 0.0211597 163.02 0.848333 0.528748 -0.0275092 130.036 0.012144 0.0325117 0.999398 1.97828
0.5416 -0.839674 0.0401983 164.119 0.840631 0.540802 -0.0295537 131.592 0.00307614 0.0497982 0.998755 2.05996
0.541198 -0.839945 0.0399691 165.153 0.84089 0.54075 -0.0222112 133.249 -0.00295707 0.0456303 0.998954 2.07803
0.540381 -0.840864 0.0305859 166.194 0.841374 0.539611 -0.0301766 134.871 0.00886995 0.042041 0.999076 2.04594
0.532272 -0.846166 0.026253 167.281 0.846461 0.531442 -0.0327575 136.539 0.0137664 0.0396581 0.999118 2.11351
0.519263 -0.853343 0.0466118 168.339 0.854439 0.51949 -0.00804683 138.311 -0.0173477 0.0440053 0.998881 2.14288
0.512149 -0.857816 0.0430736 169.38 0.858897 0.51153 -0.0251834 140.092 -0.000430744 0.0498934 0.998754 2.14384
0.507773 -0.859375 0.060334 170.488 0.86148 0.506873 -0.0305387 141.911 -0.00433745 0.0674833 0.997711 2.16037
0.505236 -0.860281 0.0682168 171.576 0.862981 0.503646 -0.0400495 143.733 9.66867e-05 0.0791043 0.996866 2.1566
0.504256 -0.860203 0.0760076 172.678 0.86354 0.502793 -0.0387037 145.474 -0.00492305 0.0851522 0.996356 2.1788
0.503964 -0.860339 0.0763991 173.76 0.863723 0.501829 -0.0463674 147.252 0.00155244 0.0893552 0.995999 2.17574
0.505149 -0.860299 0.068626 174.731 0.862935 0.502303 -0.0550825 149.012 0.0129164 0.0870447 0.996121 2.21586
0.502453 -0.861105 0.077707 175.718 0.864588 0.500956 -0.03911 150.726 -0.00524997 0.0868355 0.996209 2.21472
0.493353 -0.864836 0.0930652 176.633 0.869776 0.49168 -0.0417261 152.243 -0.00967204 0.101532 0.994785 2.23732
0.46604 -0.879219 0.0988937 177.385 0.884763 0.463088 -0.0523766 153.637 0.000254066 0.111907 0.993719 2.24991
0.411482 -0.906174 0.0976252 178.008 0.911387 0.408216 -0.0522869 155.068 0.00752887 0.110489 0.993849 2.26989
0.288721 -0.951691 0.104521 178.569 0.957136 0.284287 -0.0554144 156.918 0.0230236 0.11604 0.992978 2.3438
0.0478511 -0.99723 0.0569518 178.626 0.997488 0.0447263 -0.0549323 159.007 0.0522329 0.0594373 0.996864 2.52178
-0.183381 -0.982812 0.0212431 178.281 0.982168 -0.184087 -0.0381899 160.636 0.0414441 0.013861 0.999045 2.61594
-0.402326 -0.915489 0.00361949 177.596 0.915173 -0.402286 -0.0249762 162.268 0.0243215 -0.00673611 0.999681 2.71404
-0.603549 -0.796953 0.024369 176.646 0.796386 -0.604039 -0.0301065 163.606 0.0387133 0.00123641 0.99925 2.78734
-0.750058 -0.660971 0.0230205 175.241 0.660077 -0.750313 -0.0364464 164.826 0.0413626 -0.0121416 0.99907 2.83552
-0.815985 -0.577413 0.0276046 174.072 0.576189 -0.81625 -0.0417483 165.688 0.0466383 -0.0181605 0.998747 2.8955
-0.853787 -0.519878 0.0278505 172.717 0.518252 -0.853781 -0.0497394 166.441 0.0496366 -0.0280333 0.998374 2.97061
-0.871639 -0.489349 0.027995 171.222 0.48727 -0.871285 -0.0585673 167.218 0.0530515 -0.0374084 0.997891 3.06951
-0.874833 -0.483554 0.0290308 169.613 0.481373 -0.874475 -0.059775 168.072 0.0542912 -0.0383186 0.99779 3.16386
-0.872774 -0.487116 0.031378 167.778 0.484973 -0.872638 -0.0574831 169.032 0.0553825 -0.0349522 0.997853 3.27852
-0.870129 -0.491512 0.0359407 165.931 0.48928 -0.870302 -0.0563942 170.12 0.0589977 -0.0314852 0.997761 3.40983
-0.869924 -0.491891 0.0357114 164.449 0.489558 -0.870025 -0.0582273 170.92 0.0597113 -0.0331705 0.997664 3.51252
-0.868814 -0.493773 0.0367566 163.056 0.4917 -0.869132 -0.0532967 171.727 0.0582629 -0.0282317 0.997902 3.61639
-0.867138 -0.496765 0.0360001 161.536 0.49475 -0.867438 -0.0526551 172.613 0.057385 -0.0278482 0.997964 3.70525
-0.866194 -0.49875 0.0309396 159.97 0.497169 -0.866372 -0.0471515 173.494 0.050322 -0.0254601 0.998408 3.84243
-0.866662 -0.497879 0.0318168 158.483 0.496127 -0.866808 -0.0500209 174.355 0.0524835 -0.0275661 0.998241 3.9481
-0.868379 -0.49442 0.0382932 156.928 0.492621 -0.868926 -0.0478692 175.236 0.0569415 -0.0227046 0.998119 4.01445
-0.871222 -0.489667 0.034607 155.376 0.488371 -0.871729 -0.0397881 176.138 0.0496508 -0.0177632 0.998609 4.13878
-0.87425 -0.484513 0.0305654 153.844 0.483512 -0.874643 -0.0348614 176.957 0.0436246 -0.0156988 0.998925 4.26239
-0.87697 -0.47937 0.0335992 152.305 0.478333 -0.877497 -0.0345794 177.811 0.0460595 -0.0142534 0.998837 4.33476
-0.878635 -0.476079 0.0367405 150.779 0.474946 -0.879294 -0.0356235 178.621 0.0492653 -0.0138503 0.99869 4.42586
-0.879324 -0.474716 0.0378575 149.224 0.473205 -0.879922 -0.0425879 179.418 0.0535288 -0.0195343 0.998375 4.55961
-0.879338 -0.474651 0.0383472 147.751 0.472704 -0.879789 -0.0502167 180.202 0.0575728 -0.0260306 0.998002 4.66897
-0.876871 -0.479149 0.0389054 146.265 0.477259 -0.877394 -0.0490391 181.008 0.0576323 -0.024433 0.998039 4.81897
-0.873976 -0.484556 0.0370318 144.787 0.48272 -0.874406 -0.0489411 181.811 0.0560956 -0.0248974 0.998115 4.95367
-0.872938 -0.486097 0.0411024 143.34 0.484704 -0.873783 -0.0395708 182.649 0.0551499 -0.0146204 0.998371 5.05854
-0.870895 -0.489707 0.0415809 141.815 0.488264 -0.87176 -0.0404085 183.457 0.0560369 -0.0148891 0.998318 5.16188
-0.870884 -0.489776 0.0410036 140.362 0.488447 -0.871744 -0.0384998 184.291 0.054601 -0.0135008 0.998417 5.29232
-0.872165 -0.487794 0.0372176 138.969 0.486987 -0.87293 -0.0289466 185.066 0.0466084 -0.00712174 0.998888 5.37436
-0.874585 -0.482924 0.0434259 137.491 0.482336 -0.875662 -0.0238406 185.854 0.0495396 9.52515e-05 0.998772 5.44834
-0.877524 -0.47721 0.0471465 136.079 0.476416 -0.878787 -0.0275849 186.606 0.0545956 -0.00174512 0.998507 5.58576
-0.88238 -0.46874 0.0410946 134.669 0.467376 -0.88321 -0.0387328 187.357 0.0544507 -0.0149704 0.998404 5.68797
-0.886838 -0.46066 0.0362076 133.219 0.459279 -0.887366 -0.0405382 188.056 0.0508038 -0.0193214 0.998522 5.80472
-0.890652 -0.453511 0.032663 131.823 0.452073 -0.890936 -0.0431606 188.737 0.0486744 -0.023675 0.998534 5.87114
-0.892375 -0.450193 0.0315274 130.414 0.448593 -0.892497 -0.0470409 189.397 0.0493156 -0.0278351 0.998395 5.93794
-0.892571 -0.449801 0.0315706 129.047 0.448157 -0.892671 -0.0478988 190.058 0.0497271 -0.0286045 0.998353 6.04148
-0.892504 -0.450336 0.0251796 127.162 0.448363 -0.891896 -0.0590939 190.992 0.0490697 -0.0414519 0.997935 6.12651
-0.889229 -0.457078 0.0187602 125.405 0.455066 -0.888018 -0.0658634 191.877 0.0467641 -0.0500305 0.997652 6.27612
-0.885045 -0.464998 0.0217352 123.674 0.46287 -0.884036 -0.0650599 192.771 0.0494674 -0.0475204 0.997645 6.39539
-0.879949 -0.474504 0.0231483 122.14 0.47247 -0.879186 -0.0616792 193.588 0.0496187 -0.0433376 0.997828 6.51848
-0.874236 -0.485033 0.0213381 120.753 0.483019 -0.873364 -0.0626727 194.355 0.0490342 -0.044484 0.997806 6.6431
-0.867677 -0.496783 0.0185413 119.495 0.494836 -0.866652 -0.0636525 195.064 0.0476903 -0.0460549 0.9978 6.73031
-0.856572 -0.515769 0.0163269 117.993 0.514003 -0.855585 -0.0614485 195.958 0.0456623 -0.044243 0.997977 6.80613
-0.841783 -0.539381 0.0216602 116.589 0.537547 -0.841245 -0.0578868 196.856 0.0494446 -0.0370848 0.998088 6.90905
-0.829353 -0.557715 0.0335874 115.373 0.55571 -0.829622 -0.0539764 197.615 0.0579683 -0.0261006 0.997977 6.96232
-0.802794 -0.593818 0.0538712 114.24 0.590874 -0.804406 -0.0616353 198.498 0.0799345 -0.0176493 0.996644 7.04659
-0.719826 -0.692524 0.0475448 113.037 0.690354 -0.721361 -0.0552273 199.469 0.0725433 -0.00693132 0.997341 7.16938
-0.578328 -0.814532 0.0455563 112.116 0.813742 -0.579934 -0.0387458 200.694 0.0579793 0.0146633 0.99821 7.32996
-0.345784 -0.93726 0.0444693 111.424 0.937406 -0.347145 -0.0275583 202.265 0.0412666 0.0321566 0.998631 7.4242
-0.0375269 -0.998155 0.0477262 111.267 0.998511 -0.0393471 -0.0377863 204.171 0.0395944 0.0462371 0.998145 7.47061
0.199967 -0.977952 0.0601987 111.729 0.979505 0.198014 -0.0368945 206.027 0.0241609 0.0663426 0.997504 7.52196
0.335258 -0.940254 0.0593676 112.23 0.94198 0.333432 -0.0386811 207.534 0.016575 0.0688912 0.997486 7.51795
0.43053 -0.900284 0.0642771 113.029 0.902561 0.429024 -0.0363436 209.163 0.00514312 0.073661 0.99727 7.52332
0.476354 -0.876649 0.0676293 113.89 0.879253 0.474888 -0.037346 210.879 0.000622967 0.0772532 0.997011 7.55762
0.499302 -0.863873 0.0664902 114.842 0.866428 0.497776 -0.0390196 212.669 0.000610717 0.0770915 0.997024 7.56886
0.508201 -0.85871 0.0659466 115.915 0.861238 0.506711 -0.0388893 214.55 -2.12407e-05 0.0765593 0.997065 7.57629
0.510183 -0.857688 0.0639043 116.691 0.86006 0.509043 -0.0342445 215.873 -0.00315889 0.0724326 0.997368 7.57209
0.507558 -0.859127 0.0654652 117.471 0.861612 0.506349 -0.0351374 217.212 -0.00296079 0.0742399 0.997236 7.57327
0.504879 -0.860986 0.0616553 118.291 0.863186 0.503368 -0.0391207 218.628 0.00264707 0.0729712 0.99733 7.57406
0.504272 -0.862067 0.0504925 119.16 0.86351 0.502862 -0.0384723 220.099 0.00777497 0.0630012 0.997983 7.60001
0.504094 -0.862428 0.0458975 120.056 0.863644 0.503548 -0.0236237 221.629 -0.00273782 0.0515477 0.998667 7.62439
0.503181 -0.861793 0.0642009 120.954 0.864117 0.502656 -0.0252531 223.189 -0.010508 0.068184 0.997617 7.57498
0.502581 -0.862812 0.0544805 121.899 0.864516 0.501217 -0.0373216 224.751 0.00489496 0.0658564 0.997817 7.60985
0.500409 -0.864326 0.0503052 122.843 0.865731 0.498863 -0.0405586 226.428 0.00996051 0.0638467 0.99791 7.64201
0.500197 -0.864604 0.0475752 123.82 0.865892 0.499062 -0.0341758 228.108 0.00580557 0.0582897 0.998283 7.66375
0.499722 -0.864593 0.0524935 124.807 0.866166 0.499202 -0.0235374 229.872 -0.00585458 0.0572302 0.998344 7.68369
0.499617 -0.86469 0.051898 125.755 0.866241 0.498929 -0.0263967 231.596 -0.00306837 0.0581444 0.998303 7.67556
0.499211 -0.864787 0.0541394 126.79 0.866462 0.497821 -0.0376502 233.415 0.00560769 0.0657051 0.997823 7.67338
0.497574 -0.865612 0.0560032 127.848 0.867418 0.496342 -0.0350867 235.275 0.00257475 0.0660364 0.997814 7.6993
0.494191 -0.867029 0.0635391 128.897 0.869353 0.492951 -0.0349918 237.086 -0.000982769 0.0725305 0.997366 7.75073
0.49133 -0.868555 0.0648525 129.934 0.870913 0.489059 -0.048285 238.966 0.0102215 0.0802048 0.996726 7.73148
0.488743 -0.870572 0.0568834 130.977 0.87237 0.48692 -0.0433429 240.817 0.0100354 0.0708069 0.99744 7.81519
0.485585 -0.871905 0.0631644 131.992 0.874188 0.484179 -0.0369564 242.693 0.00163954 0.0731631 0.997319 7.83314
0.482664 -0.873654 0.061353 132.999 0.875801 0.481705 -0.0305552 244.522 -0.00285935 0.0684809 0.997648 7.89285
0.482516 -0.873446 0.0653409 133.999 0.875887 0.48123 -0.0352175 246.376 -0.000683378 0.0742242 0.997241 7.90786
0.482944 -0.872979 0.0683662 134.983 0.87563 0.480907 -0.0447344 248.215 0.00617435 0.0814677 0.996657 7.89884
0.483163 -0.873317 0.062218 135.988 0.875476 0.481123 -0.0454099 250.039 0.00972272 0.0764108 0.997029 7.95608
0.48337 -0.873336 0.0603082 136.985 0.875412 0.481994 -0.036559 251.888 0.00286014 0.0704661 0.99751 7.96076
0.483685 -0.87342 0.0564497 137.949 0.875242 0.482738 -0.0302529 253.734 -0.000826968 0.06404 0.997947 8.01064
0.483976 -0.872857 0.0623513 138.954 0.87506 0.483236 -0.0274409 255.547 -0.00617843 0.0678419 0.997677 8.0399
0.485734 -0.872098 0.0592237 139.926 0.874097 0.484301 -0.037499 257.294 0.00402072 0.0699818 0.99754 8.06324
0.48608 -0.871881 0.0595841 140.879 0.873878 0.484305 -0.0422664 259.156 0.0079944 0.0726141 0.997328 8.05146
0.486666 -0.872101 0.0509492 141.857 0.873542 0.485214 -0.0386293 260.947 0.00896743 0.0633058 0.997954 8.11545
0.485784 -0.872148 0.0580712 142.867 0.874069 0.484392 -0.0369735 262.785 0.00411716 0.0687194 0.997628 8.14456
0.485355 -0.87237 0.058317 143.871 0.874306 0.483937 -0.0373195 264.621 0.00433466 0.0691002 0.9976 8.16042
0.486996 -0.871662 0.0551365 144.863 0.87339 0.485656 -0.0364488 266.474 0.00499365 0.0659061 0.997813 8.22783
0.488012 -0.871068 0.055534 145.858 0.872826 0.486703 -0.0359866 268.243 0.00431825 0.0660334 0.997808 8.24148
0.488819 -0.870392 0.0589344 146.903 0.872378 0.487415 -0.0372008 270.195 0.00365378 0.0695975 0.997568 8.24777
0.489613 -0.87007 0.0570786 147.923 0.871875 0.487729 -0.0441963 272.025 0.0106149 0.0714045 0.997391 8.24889
0.489348 -0.87091 0.0453135 148.988 0.872053 0.488202 -0.0343781 273.881 0.00781812 0.0563387 0.998381 8.38439
0.489383 -0.870859 0.0459283 150.033 0.872068 0.48861 -0.0275283 275.812 0.00153226 0.0535244 0.998565 8.45476
0.489155 -0.87074 0.0503807 151.078 0.872195 0.488449 -0.02633 277.669 -0.00168177 0.0568212 0.998383 8.48461
0.488295 -0.870687 0.0589177 152.15 0.872671 0.486897 -0.0371005 279.603 0.00361604 0.0695318 0.997573 8.5228
0.487646 -0.870753 0.0631646 153.186 0.873021 0.485863 -0.0420905 281.478 0.00596108 0.0756693 0.997115 8.57056
0.486091 -0.871127 0.0696666 154.2 0.873907 0.484694 -0.0368626 283.307 -0.00165495 0.0788007 0.996889 8.62112
0.486023 -0.870744 0.0747452 155.293 0.873945 0.484358 -0.0402139 285.249 -0.00118735 0.0848681 0.996391 8.63674
0.485314 -0.87143 0.071271 156.286 0.874319 0.483131 -0.046373 287.026 0.00597763 0.084819 0.996378 8.68346
0.483685 -0.872005 0.0752103 157.276 0.875235 0.481543 -0.0456104 288.84 0.00355552 0.0878878 0.996124 8.69987
0.481519 -0.873126 0.0760944 158.22 0.876433 0.479889 -0.0396396 290.562 -0.00190653 0.0857789 0.996312 8.72714
0.47951 -0.873731 0.0816371 159.2 0.877536 0.477565 -0.0431571 292.375 -0.00127936 0.0923337 0.995727 8.78231
0.477542 -0.875082 0.0786415 160.133 0.878608 0.475535 -0.0437492 294.067 0.000887361 0.0899872 0.995943 8.80086
0.476209 -0.875804 0.0786873 161.004 0.879329 0.474065 -0.0451898 295.735 0.0022745 0.0907118 0.995875 8.81981
0.475402 -0.876517 0.0755653 161.922 0.879768 0.47355 -0.0419272 297.361 0.000965892 0.0864122 0.996259 8.85598
0.47505 -0.877053 0.0714516 162.781 0.879955 0.473236 -0.0415678 299.002 0.00264377 0.0826209 0.996578 8.88533
0.476648 -0.8761 0.0724878 163.614 0.879083 0.474608 -0.0442705 300.556 0.00438212 0.0848243 0.996386 8.9217
0.479466 -0.874361 0.0748632 164.429 0.877558 0.477508 -0.0433396 302.034 0.00214674 0.0864767 0.996252 8.9219
0.481851 -0.872565 0.0803078 165.189 0.876252 0.479639 -0.0461451 303.486 0.00174583 0.0926049 0.995701 8.93365
0.484319 -0.871284 0.0793645 165.94 0.874889 0.482535 -0.0415843 304.805 -0.00206441 0.0895752 0.995978 8.95971
0.488589 -0.86853 0.0832809 166.954 0.872513 0.486517 -0.0449701 306.608 -0.00145969 0.0946355 0.995511 8.98141
0.492596 -0.866512 0.0806632 167.89 0.870248 0.490025 -0.0504402 308.279 0.00418002 0.0950436 0.995464 8.99314
0.490508 -0.867219 0.0856358 168.721 0.871434 0.488399 -0.0454953 309.744 -0.00237006 0.0969417 0.995287 9.00682
0.475681 -0.875951 0.0802348 169.411 0.87959 0.472961 -0.0512677 311.076 0.00696 0.0949609 0.995457 9.02433
0.418119 -0.905326 0.0745799 170.128 0.908251 0.415195 -0.0518969 312.715 0.0160184 0.0894364 0.995864 9.05085
0.304044 -0.949461 0.0779758 170.611 0.95244 0.301206 -0.0461736 314.34 0.0203532 0.0883062 0.995885 9.11719
0.0743275 -0.994781 0.0699005 170.847 0.996968 0.0725058 -0.0282509 316.391 0.0230353 0.0717884 0.997154 9.21783
-0.157188 -0.98575 0.0599074 170.539 0.987177 -0.158545 -0.0185823 318.197 0.0278155 0.0562183 0.998031 9.3108
-0.402899 -0.912053 0.0763607 169.87 0.914605 -0.404332 -0.00365086 320.03 0.0342049 0.0683689 0.997074 9.38028
-0.582608 -0.808715 0.0809196 168.969 0.810818 -0.5852 -0.0107614 321.258 0.056057 0.0593413 0.996662 9.4868
-0.736838 -0.670398 0.0873851 167.833 0.672716 -0.739891 -0.00387978 322.378 0.0672564 0.0559266 0.996167 9.60615
-0.838048 -0.542556 0.0575169 166.459 0.542566 -0.839845 -0.0168027 323.186 0.0574216 0.0171253 0.998203 9.71122
-0.884723 -0.464562 0.0380515 164.886 0.464043 -0.885539 -0.0220285 323.867 0.0439297 -0.00183154 0.999033 9.78512
-0.898678 -0.436145 0.046414 163.208 0.434783 -0.899784 -0.0367593 324.628 0.057795 -0.0128548 0.998246 9.89429
-0.898049 -0.43606 0.057963 161.412 0.434223 -0.899832 -0.0418738 325.355 0.0704165 -0.0124359 0.99744 9.99356
-0.895796 -0.441586 0.0505179 159.549 0.440057 -0.897132 -0.0387867 326.304 0.0624489 -0.0125142 0.99797 10.1319
-0.88994 -0.453288 0.0503711 157.599 0.451185 -0.891141 -0.0479586 327.24 0.0666268 -0.0199536 0.997578 10.2811
-0.88505 -0.463242 0.0457509 156.334 0.461069 -0.885912 -0.0507525 327.926 0.0640419 -0.0238242 0.997663 10.4
-0.882029 -0.469081 0.044592 154.869 0.467315 -0.882959 -0.04471 328.652 0.0603455 -0.0185969 0.998004 10.5554
-0.878706 -0.475019 0.047254 153.428 0.473229 -0.879817 -0.0444584 329.403 0.0626935 -0.0167039 0.997893 10.6588
-0.875572 -0.481495 0.0392124 151.826 0.479595 -0.876116 -0.0490904 330.276 0.0579913 -0.0241761 0.998024 10.7378
-0.873025 -0.486594 0.0324718 150.323 0.485351 -0.873428 -0.0394662 331.096 0.0475658 -0.0186948 0.998693 10.879
-0.870718 -0.49 0.0418455 148.675 0.489446 -0.871723 -0.0232772 331.998 0.0478835 0.000213245 0.998853 10.9809
-0.868532 -0.49321 0.0489403 147.121 0.492518 -0.869909 -0.026162 332.847 0.055477 0.00138148 0.998459 11.0801
-0.868222 -0.494072 0.0456426 145.565 0.493035 -0.869402 -0.0325108 333.738 0.0557444 -0.00572316 0.998429 11.154
-0.868947 -0.493042 0.042905 143.915 0.492037 -0.869978 -0.0322186 334.721 0.0532115 -0.00688542 0.998559 11.2924
-0.871242 -0.489229 0.0398985 142.261 0.488134 -0.872093 -0.0343383 335.575 0.0515945 -0.0104412 0.998614 11.4367
-0.871728 -0.488531 0.0377838 140.673 0.487327 -0.872437 -0.0369637 336.475 0.0510219 -0.0138093 0.998602 11.5406
-0.873312 -0.485693 0.037803 139.023 0.484308 -0.873965 -0.0403845 337.359 0.052653 -0.01696 0.998469 11.6692
-0.875956 -0.481161 0.0344188 137.457 0.479539 -0.876306 -0.0461607 338.234 0.0523721 -0.0239296 0.998341 11.7976
-0.879752 -0.474556 0.0288732 135.846 0.473315 -0.879942 -0.0409337 339.159 0.044832 -0.0223454 0.998745 11.9372
-0.882756 -0.468532 0.0349286 134.194 0.467249 -0.883258 -0.0391619 339.95 0.0491995 -0.01825 0.998622 12.0421
-0.884549 -0.464889 0.0380747 132.577 0.463324 -0.885125 -0.0434023 340.737 0.0538781 -0.0207506 0.998332 12.1382
-0.885671 -0.463286 0.0308522 130.956 0.461704 -0.885783 -0.0471043 341.574 0.0491511 -0.0274744 0.998413 12.1883
-0.884535 -0.465147 0.0351595 129.356 0.463686 -0.884976 -0.0425876 342.378 0.0509248 -0.0213673 0.998474 12.3085
-0.881649 -0.471065 0.0281423 127.79 0.469156 -0.881381 -0.0553103 343.157 0.0508588 -0.0355612 0.998073 12.3506
-0.87766 -0.478551 0.0264944 126.131 0.476904 -0.877469 -0.0510899 343.997 0.0476971 -0.0322043 0.998343 12.4466
-0.87278 -0.487569 0.023063 124.64 0.485933 -0.872371 -0.0532647 344.84 0.0460897 -0.0352813 0.998314 12.5716
-0.868631 -0.494823 0.0250968 123.094 0.493301 -0.868461 -0.049296 345.697 0.0461884 -0.0304397 0.998469 12.6454
-0.863602 -0.50339 0.0281033 121.582 0.501663 -0.863521 -0.0516328 346.577 0.0502592 -0.0304918 0.998271 12.7535
-0.857732 -0.513302 0.0285696 120.08 0.511475 -0.857644 -0.0532894 347.426 0.0518562 -0.0310954 0.99817 12.8912
-0.852841 -0.521524 0.0259598 118.604 0.51984 -0.852677 -0.0520351 348.309 0.0492729 -0.0308827 0.998308 12.9899
-0.848884 -0.52801 0.024528 117.114 0.526593 -0.848802 -0.0472663 349.248 0.0457765 -0.0272074 0.998581 13.0927
-0.845944 -0.532444 0.0296982 115.734 0.531064 -0.846197 -0.043833 350.119 0.0484691 -0.0213086 0.998597 13.1966
-0.844541 -0.534482 0.0328481 114.338 0.533084 -0.844972 -0.0429562 350.999 0.050715 -0.0187675 0.998537 13.3001
-0.845062 -0.533429 0.0363721 113.066 0.532044 -0.845698 -0.0415223 351.808 0.052909 -0.0157374 0.998475 13.4007
-0.846557 -0.530942 0.0379762 111.819 0.529615 -0.847298 -0.0399295 352.574 0.0533774 -0.0136898 0.998481 13.5157
-0.853124 -0.520325 0.0379765 110.161 0.519472 -0.853946 -0.0304291 353.596 0.0482629 -0.00623208 0.998815 13.6143
-0.863331 -0.502896 0.0418864 108.589 0.501981 -0.864328 -0.0308464 354.544 0.0517162 -0.0056045 0.998646 13.7585
-0.874627 -0.483071 0.0408591 107.011 0.482144 -0.875552 -0.0307671 355.405 0.050637 -0.00720976 0.998691 13.8901
-0.883548 -0.465673 0.0499045 105.422 0.464448 -0.884926 -0.0345592 356.205 0.0602551 -0.00735671 0.998156 13.9974
-0.891604 -0.449747 0.0526336 103.89 0.448147 -0.893078 -0.0397108 356.961 0.0648657 -0.0118187 0.997824 14.1184
-0.89786 -0.437033 0.0533792 102.248 0.435231 -0.899325 -0.0423024 357.746 0.0664927 -0.0147494 0.997678 14.2608
-0.901734 -0.428854 0.054416 100.566 0.426814 -0.903201 -0.0453573 358.483 0.0686002 -0.0176746 0.997488 14.369
-0.902908 -0.426347 0.0546392 98.7819 0.424375 -0.904404 -0.0442697 359.294 0.0682902 -0.0167839 0.997524 14.514
-0.903232 -0.427616 0.0362775 96.8949 0.426146 -0.903683 -0.0419188 360.148 0.0507085 -0.0224029 0.998462 14.6289
-0.900062 -0.434922 0.0270411 94.9652 0.433679 -0.900095 -0.0418608 361.079 0.0425457 -0.0259502 0.998757 14.7379
-0.895044 -0.443952 0.0424599 93.5783 0.441647 -0.895562 -0.0540024 361.725 0.062 -0.0295822 0.997638 14.8489
-0.892414 -0.450697 0.0216746 92.1018 0.449441 -0.892132 -0.0458727 362.406 0.0400113 -0.0311959 0.998712 14.9782
-0.88913 -0.457022 0.0240572 90.6594 0.455914 -0.889104 -0.0404513 363.147 0.0398765 -0.0249984 0.998892 15.0263
-0.884647 -0.464107 0.0447635 89.1515 0.461844 -0.885402 -0.0525677 363.897 0.0640307 -0.0258302 0.997614 15.1035
-0.880389 -0.473419 0.0281071 87.5932 0.471258 -0.879942 -0.0601554 364.668 0.0532113 -0.0397144 0.997793 15.2028
-0.873046 -0.486548 0.0325798 85.9503 0.484108 -0.872814 -0.0619259 365.56 0.058566 -0.038292 0.997549 15.2847
-0.865208 -0.498512 0.053859 84.3307 0.495204 -0.866402 -0.0641992 366.453 0.0786676 -0.0288745 0.996483 15.4479
-0.858676 -0.510752 0.0425155 82.683 0.508404 -0.859337 -0.0553669 367.419 0.0648139 -0.0259272 0.997561 15.6066
-0.852623 -0.521112 0.038431 80.9925 0.519629 -0.853333 -0.0425156 368.468 0.0549498 -0.0162799 0.998356 15.6969
-0.849683 -0.525275 0.046093 79.3436 0.523806 -0.850869 -0.0405929 369.504 0.0605416 -0.0103473 0.998112 15.8185
-0.849769 -0.525381 0.0432092 77.6097 0.52379 -0.85075 -0.0432249 370.557 0.0594697 -0.0140986 0.998131 15.9386
-0.85075 -0.524251 0.0372302 75.9474 0.522732 -0.851381 -0.0435978 371.6 0.0545533 -0.0176294 0.998355 16.0653
-0.853964 -0.518963 0.0377071 74.1905 0.517833 -0.854722 -0.0360336 372.692 0.0509292 -0.0112454 0.998639 16.2128
-0.857724 -0.511347 0.0532289 72.5208 0.50998 -0.859359 -0.0377275 373.646 0.0650345 -0.00521411 0.997869 16.3204
-0.861606 -0.505481 0.0460744 70.7703 0.503919 -0.862744 -0.0416902 374.659 0.0608241 -0.0127027 0.998068 16.451
-0.864724 -0.500334 0.0438003 69.0323 0.49937 -0.865816 -0.0315061 375.651 0.0536866 -0.00537147 0.998543 16.6303
-0.865692 -0.498291 0.0477799 67.3417 0.496884 -0.866955 -0.0386733 376.63 0.0606936 -0.00973813 0.998109 16.7589
-0.86802 -0.49398 0.0502514 65.6412 0.492476 -0.869419 -0.0397259 377.545 0.0633133 -0.00973525 0.997946 16.8925
-0.871026 -0.488896 0.0479115 63.9015 0.487941 -0.872336 -0.030715 378.492 0.0568114 -0.00337554 0.998379 17.0749
-0.874345 -0.483411 0.0428343 62.2069 0.483092 -0.875381 -0.0181811 379.46 0.0462852 0.00479638 0.998917 17.1791
-0.877508 -0.476822 0.0511902 60.5118 0.476478 -0.87897 -0.0195113 380.334 0.0542981 0.00726966 0.998498 17.3092
-0.879825 -0.472126 0.0548159 58.7406 0.471382 -0.881528 -0.0266139 381.214 0.0608868 0.00242366 0.998142 17.4668
-0.882598 -0.467597 0.0487193 57.0438 0.46738 -0.883903 -0.016451 382.067 0.0507555 0.00825084 0.998677 17.5696
-0.883532 -0.465907 0.0479882 55.3806 0.466097 -0.884699 -0.00783523 382.982 0.0461056 0.0154445 0.998817 17.6906
-0.883489 -0.465944 0.0484095 53.6713 0.466252 -0.884636 -0.00540743 383.813 0.0453443 0.0177936 0.998813 17.8237
-0.882535 -0.46751 0.0506512 52.0407 0.467623 -0.883868 -0.0103427 384.627 0.0496043 0.0145578 0.998663 17.9455
-0.880145 -0.471324 0.056563 50.335 0.471262 -0.881861 -0.0152714 385.545 0.0570785 0.0132149 0.998282 18.0945
-0.879358 -0.47308 0.0540786 48.7523 0.473194 -0.880883 -0.011484 386.352 0.0530698 0.0154911 0.998471 18.1709
