0.477284 -0.878556 0.0184031 0.681433 0.878745 0.477243 -0.00686302 0.552625 -0.00275319 0.0194472 0.999807 0.791128
0.474329 -0.880248 0.0132121 1.48817 0.880347 0.474292 -0.00604466 2.13027 -0.00094558 0.0144984 0.999894 0.799857
0.471519 -0.881732 0.0147828 2.31601 0.881847 0.471523 -0.00340714 3.73613 -0.00396623 0.0146427 0.999885 0.809163
0.468958 -0.883093 0.0150211 3.15176 0.883212 0.468959 -0.0036732 5.36072 -0.0038005 0.0149894 0.99988 0.813684
0.467262 -0.883958 0.016851 3.99817 0.88411 0.467258 -0.00440531 7.00087 -0.00397967 0.0169566 0.999848 0.818252
0.467689 -0.8837 0.0184801 4.85329 0.883817 0.467821 0.00335548 8.66762 -0.0116106 0.0147637 0.999824 0.828415
0.470097 -0.882356 0.021373 5.72365 0.882479 0.470312 0.00615442 10.3446 -0.0154824 0.015968 0.999753 0.8254
0.472197 -0.881337 0.0166164 6.60077 0.881456 0.472266 0.000316469 12.0321 -0.0081263 0.0144972 0.999862 0.817176
0.474016 -0.880337 0.0177972 7.49687 0.8805 0.474035 -0.00340212 13.7395 -0.00544148 0.0172831 0.999836 0.816141
0.472828 -0.880752 0.026643 8.40868 0.881039 0.47304 0.00194494 15.4713 -0.0143162 0.0225539 0.999643 0.815519
0.470705 -0.881635 0.0340171 9.3295 0.882231 0.470771 -0.00652687 17.2013 -0.01026 0.0330832 0.9994 0.802836
0.467851 -0.883298 0.0300035 10.2455 0.883797 0.467738 -0.0111058 18.9736 -0.004224 0.0317128 0.999488 0.809203
0.465798 -0.884386 0.0298722 11.2023 0.884841 0.465865 -0.00510241 20.848 -0.0094039 0.0288088 0.999541 0.868151
0.463646 -0.885495 0.0305236 12.1475 0.885931 0.463814 -0.00173826 22.7016 -0.0126181 0.0278478 0.999533 0.906569
0.462932 -0.885929 0.0286987 13.075 0.886209 0.463255 0.00543462 24.5447 -0.0181095 0.0229172 0.999573 0.924901
0.46288 -0.885992 0.0275842 13.9915 0.886261 0.463164 0.00460866 26.3643 -0.0168592 0.0223135 0.999609 0.92664
0.462366 -0.886363 0.0240424 14.895 0.886582 0.462561 0.00300532 28.1603 -0.0137849 0.019926 0.999706 0.93619
0.460352 -0.88733 0.0268639 15.7991 0.887589 0.460616 0.00431695 29.9437 -0.0162045 0.0218567 0.99963 0.947217
0.459651 -0.887864 0.0204658 16.6754 0.888053 0.45974 -0.000399461 31.7073 -0.00905427 0.0183583 0.99979 0.954799
0.458886 -0.888239 0.0213241 17.5603 0.888428 0.459015 0.00132014 33.4645 -0.0109607 0.0183392 0.999772 0.966023
0.458249 -0.888417 0.0268982 18.4404 0.888697 0.458485 0.00300996 35.206 -0.0150065 0.022525 0.999634 0.972539
0.457725 -0.888543 0.0313008 19.3176 0.889006 0.45789 -0.00209638 36.9256 -0.0124696 0.0287862 0.999508 0.970596
0.455556 -0.889412 0.0376093 20.1889 0.890038 0.455886 0.000222035 38.6422 -0.017343 0.0333726 0.999292 0.966271
0.454281 -0.889879 0.0417669 21.0411 0.890507 0.45492 0.00677397 40.3605 -0.0250286 0.0341164 0.999104 0.949994
0.45201 -0.891361 0.0341054 21.8769 0.891895 0.452241 -0.00105802 42.0336 -0.0144808 0.0308967 0.999418 0.936933
0.450045 -0.892619 0.0263001 22.6904 0.892959 0.450128 -0.00301713 43.6745 -0.00914528 0.0248428 0.99965 0.937758
0.447878 -0.893798 0.0230344 23.4796 0.893989 0.448072 0.00382902 45.2797 -0.0137435 0.0188776 0.999727 0.953644
0.445318 -0.895111 0.0216298 24.2417 0.89527 0.445503 0.00440796 46.8329 -0.0135817 0.0174016 0.999756 0.95888
0.442482 -0.896523 0.0213889 24.9778 0.89665 0.442695 0.00631708 48.3407 -0.0151322 0.0163832 0.999751 0.967208
0.439833 -0.897828 0.0212625 25.6883 0.897899 0.440096 0.009632 49.8047 -0.0180054 0.0148552 0.999728 0.970087
0.436914 -0.899266 0.020642 26.3741 0.89917 0.437262 0.0171682 51.2261 -0.0244647 0.0110597 0.99964 0.97354
0.43336 -0.901165 0.0100176 27.3205 0.901184 0.433416 0.00419068 53.2187 -0.0081183 0.00721165 0.999941 0.982967
0.431014 -0.902307 0.00832683 28.1876 0.902265 0.43108 0.0093422 55.0645 -0.0120191 0.0034864 0.999922 1.0177
0.430764 -0.902334 0.0153412 28.9964 0.902464 0.430681 -0.00849074 56.7245 0.00105433 0.0175024 0.999846 1.05119
0.440705 -0.897562 0.0127338 29.7352 0.89764 0.440727 -0.00119749 58.2723 -0.0045373 0.0119581 0.999918 1.08842
0.461278 -0.88698 0.0221267 30.4729 0.88716 0.461451 0.00315721 59.6811 -0.0130108 0.0181736 0.99975 1.12076
0.508188 -0.861129 0.0141989 31.1777 0.861115 0.508329 0.00909049 60.9658 -0.0150458 0.0076072 0.999858 1.13518
0.609773 -0.792268 0.0221172 32.2384 0.792239 0.61009 0.0121427 62.4275 -0.0231138 0.0101178 0.999682 1.14462
0.747152 -0.664378 0.0191339 33.4569 0.664251 0.747392 0.0132648 63.6 -0.0231134 0.00279893 0.999729 1.14312
0.886216 -0.462951 0.017243 34.8315 0.462865 0.886384 0.00890949 64.3609 -0.0194086 8.54526e-05 0.999812 1.11945
0.985751 -0.166518 0.0237963 36.687 0.166369 0.98603 0.00810082 64.7382 -0.0248128 -0.00402643 0.999684 1.09223
0.995 0.0975045 0.0216142 38.5604 -0.097623 0.995213 0.00449212 64.5787 -0.0210727 -0.0065797 0.999756 1.05866
0.962809 0.269513 0.0190298 40.4327 -0.269661 0.962939 0.00564699 64.0723 -0.0168026 -0.0105686 0.999803 1.0341
0.934693 0.35543 -0.00438652 41.976 -0.355446 0.93469 -0.00358807 63.4407 0.00282473 0.00491292 0.999984 0.990689
0.910944 0.412478 0.00659334 43.6847 -0.412463 0.910967 -0.00353964 62.6531 -0.00746634 0.000504901 0.999972 0.998919
0.897647 0.44071 0.00223751 45.0477 -0.440661 0.897604 -0.01123 61.929 -0.00695757 0.00909459 0.999934 0.993121
0.889428 0.457074 -0.00139389 46.5363 -0.457051 0.889345 -0.0130421 61.1208 -0.00472156 0.0122371 0.999914 0.977036
0.883972 0.467527 -0.00332678 48.1597 -0.467509 0.883812 -0.0176289 60.2076 -0.00530173 0.0171387 0.999839 0.960744
0.881821 0.47153 -0.00713158 49.9026 -0.471541 0.881437 -0.0267935 59.1923 -0.00634791 0.02699 0.999616 0.940415
0.884037 0.467319 -0.00953923 51.1443 -0.467379 0.883523 -0.03073 58.4833 -0.0059326 0.0316249 0.999482 0.926397
0.88752 0.460681 -0.00907652 52.4553 -0.46071 0.886911 -0.0336883 57.756 -0.00746949 0.0340807 0.999391 0.917682
0.891152 0.45368 -0.00465068 53.8346 -0.453572 0.8906 -0.0332324 57.023 -0.010935 0.0317246 0.999437 0.911392
0.894754 0.446551 -0.0026992 55.2555 -0.44642 0.894306 -0.0304281 56.288 -0.0111738 0.0284306 0.999533 0.902304
0.896887 0.4422 -0.0073302 56.7007 -0.442255 0.896671 -0.0197674 55.5609 -0.00216837 0.020971 0.999778 0.900404
0.896771 0.442427 -0.0077292 58.1612 -0.442494 0.896664 -0.0138651 54.8217 0.000796215 0.0158539 0.999874 0.907158
0.896665 0.442693 -0.00372975 59.6245 -0.442701 0.896569 -0.013429 54.0768 -0.00260096 0.0136925 0.999903 0.92712
0.8966 0.442841 -0.000802179 61.0824 -0.442823 0.896545 -0.0106759 53.3283 -0.00400853 0.00992723 0.999943 0.949219
0.896104 0.443845 0.000117462 62.5345 -0.443839 0.896093 -0.00494368 52.5891 -0.00229949 0.00437792 0.999988 0.966374
0.893168 0.449705 0.00407367 63.9828 -0.449707 0.893176 -0.000547683 51.8465 -0.0038848 -0.00134278 0.999992 0.984523
0.888063 0.459598 0.0106591 65.4239 -0.459634 0.888108 0.00111529 51.0878 -0.00895388 -0.00588975 0.999943 1.00402
0.880521 0.473882 0.0108824 66.8367 -0.473936 0.880555 0.0028671 50.3085 -0.00822384 -0.00768208 0.999937 1.01655
0.87068 0.491739 0.010435 68.2209 -0.491781 0.870717 0.00175286 49.5012 -0.00822397 -0.00665791 0.999944 1.02725
0.859634 0.510755 0.0125957 69.5764 -0.510804 0.859697 0.000765655 48.6749 -0.0104374 -0.00709211 0.99992 1.03628
0.84805 0.529776 0.0121735 70.8971 -0.529824 0.848107 0.000893767 47.8264 -0.00985092 -0.00720776 0.999925 1.04227
0.836642 0.547649 0.0105071 72.1822 -0.547695 0.836676 0.00194065 46.963 -0.00772822 -0.00737831 0.999943 1.04763
0.825912 0.563726 0.0090735 73.4233 -0.563761 0.825937 0.0015821 46.0875 -0.00660227 -0.00642196 0.999958 1.05638
0.81544 0.578779 0.00848566 74.6246 -0.578801 0.815469 8.59599e-05 45.2061 -0.00687004 -0.0049816 0.999964 1.06566
0.807808 0.589382 0.00867291 75.7847 -0.58936 0.807854 -0.00509857 44.3217 -0.0100114 -0.000992801 0.999949 1.07829
0.803554 0.595168 0.00872433 76.9131 -0.595077 0.803593 -0.0110433 43.4474 -0.0135834 0.00368226 0.999901 1.0835
0.802159 0.597065 0.00737066 78.5191 -0.596962 0.802174 -0.0123963 42.2021 -0.0133139 0.00554377 0.999896 1.08704
0.811067 0.584934 0.00477193 80.0149 -0.584857 0.811055 -0.0115412 41.0715 -0.0106212 0.00656983 0.999922 1.09257
0.834152 0.551519 0.00416128 81.4101 -0.551471 0.834147 -0.00890796 40.1044 -0.00838402 0.00513577 0.999952 1.10559
0.871652 0.490125 -0.000804 82.7816 -0.490126 0.87165 -0.00188358 39.3019 -0.000222385 0.00203589 0.999998 1.1287
0.920583 0.390519 0.00465931 84.1995 -0.390511 0.920595 -0.00258072 38.6499 -0.00529715 0.000556252 0.999986 1.15199
0.979909 0.198713 0.0171003 86.1523 -0.198769 0.980045 0.00164964 38.1371 -0.0164312 -0.0050155 0.999852 1.18117
0.998233 -0.059423 -0.00021208 88.048 0.0594216 0.998224 -0.00423819 38.1121 0.00046355 0.0042181 0.999991 1.19536
0.945643 -0.325204 -0.00100281 89.8369 0.325193 0.94563 -0.00584929 38.617 0.00285049 0.00520523 0.999982 1.22127
0.865052 -0.501445 0.0154429 91.0574 0.501491 0.865162 0.000964941 39.3125 -0.0138445 0.00690976 0.99988 1.24806
0.755764 -0.654731 0.012219 92.5082 0.654506 0.755841 0.0180287 40.5665 -0.0210396 -0.00562805 0.999763 1.24568
0.70578 -0.708254 0.0158225 93.5529 0.708162 0.705952 0.0118032 41.6089 -0.0195296 0.00287446 0.999805 1.22777
0.684581 -0.72893 0.0030194 94.5993 0.728722 0.684474 0.0214567 42.7523 -0.0177071 -0.0124885 0.999765 1.19993
0.683368 -0.730039 -0.00716525 95.7137 0.730018 0.68316 0.0191219 43.9509 -0.0090647 -0.018298 0.999792 1.19868
0.69272 -0.72105 -0.015069 96.9168 0.721203 0.692637 0.0110068 45.2034 0.00250092 -0.0184924 0.999826 1.19259
0.703079 -0.711095 -0.00484355 98.2273 0.711014 0.702853 0.0213612 46.5345 -0.0117855 -0.0184624 0.99976 1.20549
0.708311 -0.705884 0.00494245 99.627 0.705734 0.708278 0.0168115 47.9058 -0.0153676 -0.00841972 0.999846 1.19798
0.706125 -0.708045 -0.00777853 101.071 0.708081 0.706123 0.00351422 49.3442 0.00300437 -0.00798931 0.999964 1.18803
0.703044 -0.711144 0.00189985 102.091 0.711102 0.703028 0.00924437 50.3651 -0.00790972 -0.00514821 0.999955 1.19316
0.699795 -0.714337 0.003183 103.127 0.714196 0.699733 0.0172501 51.4257 -0.0145496 -0.00979824 0.999846 1.19884
0.69584 -0.718159 -0.00742252 104.174 0.718183 0.695724 0.0134722 52.5145 -0.00451117 -0.0147052 0.999882 1.19051
0.690097 -0.723688 -0.00650103 105.259 0.723713 0.690033 0.0097239 53.6387 -0.00255114 -0.0114153 0.999932 1.19088
0.68604 -0.727564 5.62407e-05 106.373 0.727532 0.68601 0.00937414 54.8002 -0.00685887 -0.00639012 0.999956 1.20089
0.684369 -0.729088 0.00837699 107.519 0.729055 0.684419 0.00698828 56.0045 -0.0108284 0.00132472 0.999941 1.19974
0.684245 -0.729239 0.00433499 108.664 0.729177 0.684248 0.0102493 57.2329 -0.0104404 -0.00385205 0.999938 1.20086
0.685245 -0.728265 -0.00833413 109.812 0.72829 0.685088 0.0157777 58.4775 -0.00578074 -0.0168812 0.999841 1.19919
0.689482 -0.724164 -0.0141945 110.98 0.724245 0.689047 0.0261361 59.7388 -0.00914616 -0.0283006 0.999558 1.20741
0.6928 -0.720943 -0.0164204 112.171 0.72111 0.692431 0.0232377 60.9871 -0.00538311 -0.02794 0.999595 1.20859
0.69384 -0.720106 -0.00582414 113.395 0.720103 0.693723 0.014104 62.2443 -0.00611601 -0.0139799 0.999884 1.19537
0.695651 -0.718355 -0.00595578 114.602 0.718336 0.695494 0.016784 63.5061 -0.00791468 -0.0159541 0.999841 1.19194
0.696999 -0.717063 -0.00367498 115.808 0.716817 0.696605 0.0302499 64.771 -0.019131 -0.0237184 0.999536 1.18958
0.698273 -0.715745 -0.0111355 117.001 0.715832 0.69819 0.0107618 65.9596 7.19633e-05 -0.0154858 0.99988 1.20393
0.697376 -0.716638 -0.00981773 118.206 0.716685 0.697395 0.00194336 67.1499 0.00545415 -0.00839147 0.99995 1.2258
0.695195 -0.718606 0.0175905 119.425 0.718019 0.695368 0.0302113 68.3812 -0.0339419 -0.00837239 0.999389 1.25323
0.694201 -0.719781 -0.00065872 120.587 0.719654 0.694059 0.0194993 69.5584 -0.013578 -0.0140105 0.99981 1.22685
0.692099 -0.721789 -0.00440367 121.759 0.721798 0.692057 0.00805139 70.726 -0.00276381 -0.00875092 0.999958 1.21059
0.687583 -0.726101 -0.00281763 122.906 0.726092 0.687539 0.0089511 71.9194 -0.00456217 -0.00820047 0.999956 1.20016
0.681703 -0.731593 -0.00725304 124.028 0.731622 0.681619 0.011148 73.111 -0.00321196 -0.0129061 0.999912 1.1812
0.67867 -0.734322 -0.013339 125.14 0.734434 0.678455 0.0174679 74.3122 -0.00377715 -0.0216516 0.999758 1.17324
0.676648 -0.736261 -0.00823342 126.259 0.736251 0.676417 0.0198697 75.5033 -0.00906002 -0.0195066 0.999769 1.17141
0.671479 -0.740991 -0.00698662 127.36 0.741019 0.671412 0.00985901 76.6841 -0.00261454 -0.0117973 0.999927 1.16318
0.661583 -0.749868 -0.00250283 128.444 0.749856 0.661544 0.00866516 77.8957 -0.00484199 -0.00760949 0.999959 1.16535
0.653505 -0.756834 0.0115769 129.514 0.756588 0.653595 0.0197003 79.1356 -0.0224765 -0.00411524 0.999739 1.16472
0.647029 -0.762458 0.00331521 130.54 0.762155 0.646884 0.0257153 80.381 -0.0217514 -0.0141118 0.999664 1.14741
0.636788 -0.771031 -0.00365604 131.566 0.771024 0.636737 0.00939882 81.612 -0.00491884 -0.00880395 0.999949 1.12274
0.625585 -0.780136 -0.0056397 132.587 0.780105 0.625445 0.0159821 82.8925 -0.00894087 -0.0143977 0.999856 1.12329
0.611647 -0.790969 -0.0159761 133.582 0.791127 0.611457 0.0154804 84.1841 -0.00247586 -0.0221077 0.999753 1.11848
0.598301 -0.801115 -0.0158089 134.572 0.801271 0.598161 0.0130043 85.4891 -0.000961744 -0.0204477 0.99979 1.10755
0.585459 -0.810574 -0.0143841 135.531 0.810587 0.584986 0.0271954 86.8432 -0.0136294 -0.0275813 0.999527 1.10241
0.574041 -0.818751 -0.0111549 136.476 0.818603 0.573512 0.0311866 88.1957 -0.0191366 -0.0270338 0.999451 1.09318
0.566748 -0.823695 -0.0179687 137.398 0.823805 0.566239 0.0268245 89.5539 -0.0119206 -0.0300054 0.999479 1.0845
0.561522 -0.826938 -0.0294335 138.294 0.827457 0.561046 0.0232704 90.9242 -0.0027296 -0.0374218 0.999296 1.06935
0.55712 -0.830057 -0.0249427 139.21 0.830239 0.556092 0.0382733 92.3274 -0.0178986 -0.0420312 0.998956 1.05247
0.550436 -0.834614 -0.0209936 140.116 0.834526 0.549301 0.0428198 93.719 -0.0242061 -0.0410892 0.998862 1.0315
0.540354 -0.841288 -0.0158664 141.015 0.841394 0.54004 0.020314 95.0822 -0.00852149 -0.0243267 0.999668 0.995592
0.528255 -0.848963 -0.0144644 141.885 0.848954 0.527795 0.0266323 96.4975 -0.0149756 -0.0263483 0.999541 0.971455
0.51696 -0.856009 -0.000296134 142.766 0.855725 0.516779 0.0259549 97.9249 -0.0220646 -0.013671 0.999663 0.944139
0.506534 -0.862209 0.00424136 143.625 0.862041 0.506523 0.0178718 99.3672 -0.0175576 -0.00539645 0.999831 0.919363
0.494549 -0.869065 0.0121541 144.472 0.86915 0.494495 -0.00733257 100.796 0.000362338 0.01419 0.999899 0.893665
0.484199 -0.874875 0.0120987 145.289 0.874721 0.484343 0.016573 102.301 -0.0203592 0.00255833 0.999789 0.88219
0.476318 -0.879212 0.0103522 146.085 0.878839 0.47642 0.0258161 103.804 -0.0276298 -0.00319875 0.999613 0.863187
0.472514 -0.881267 -0.00997238 146.853 0.881294 0.472376 0.013436 105.294 -0.00712994 -0.0151373 0.99986 0.834072
0.468357 -0.883526 -0.00480714 147.654 0.883512 0.468292 0.0104458 106.799 -0.00697799 -0.00913952 0.999934 0.82426
0.468145 -0.883651 0.00103067 148.453 0.883369 0.468025 0.0247345 108.331 -0.022339 -0.0106689 0.999694 0.820294
0.464982 -0.885319 -0.00158716 149.245 0.885216 0.464899 0.0161551 109.842 -0.0135645 -0.00891679 0.999868 0.814038
0.461251 -0.887222 0.00919413 150.054 0.887263 0.461183 -0.00858834 111.33 0.00337958 0.012119 0.999921 0.809577
0.45892 -0.88842 0.0100996 150.839 0.888417 0.458992 0.0064946 112.866 -0.0104056 0.00599215 0.999928 0.824654
0.45652 -0.889649 0.0107018 151.611 0.889627 0.45661 0.00839398 114.372 -0.0123542 0.00568855 0.999907 0.828507
0.456337 -0.889807 0.000539306 152.37 0.889797 0.456334 0.00443392 115.868 -0.00419143 -0.00154349 0.99999 0.824351
0.455137 -0.890419 -0.00193889 153.127 0.890348 0.45507 0.013846 117.371 -0.0114464 -0.00802812 0.999902 0.831632
0.454343 -0.890801 -0.00681376 153.873 0.890712 0.454148 0.0195141 118.865 -0.0142887 -0.0149352 0.999786 0.827695
0.452993 -0.891446 -0.0109976 154.606 0.891492 0.45286 0.012609 120.334 -0.00625988 -0.015516 0.99986 0.821334
0.454407 -0.890701 -0.0128984 155.29 0.890783 0.454281 0.0116399 121.699 -0.00450817 -0.0167789 0.999849 0.808605
0.459778 -0.887931 -0.013502 155.934 0.888028 0.459667 0.0106143 122.96 -0.00321832 -0.0168704 0.999852 0.795974
0.467801 -0.883716 -0.0144314 156.9 0.883833 0.467715 0.00909056 124.85 -0.00128368 -0.0170075 0.999855 0.777025
0.475785 -0.879427 -0.0153896 157.866 0.879561 0.475725 0.00758443 126.74 0.000651267 -0.0171446 0.999853 0.758069
0.483728 -0.875065 -0.0163761 158.832 0.875214 0.483697 0.00609663 128.63 0.0025861 -0.0172817 0.999847 0.73911
0.491628 -0.870632 -0.0173904 159.798 0.870794 0.491627 0.0046278 130.52 0.00452048 -0.0174186 0.999838 0.720152
0.505455 -0.862776 -0.011522 160.763 0.862853 0.505396 0.00779032 132.285 -0.000898152 -0.0138794 0.999903 0.716566
0.518523 -0.855051 0.00457474 161.763 0.854998 0.518542 0.00964936 133.925 -0.0106229 -0.00109202 0.999943 0.731535
0.518562 -0.855031 0.0039838 162.757 0.854904 0.518557 0.0154322 135.582 -0.0152609 -0.00459682 0.999873 0.720295
0.518033 -0.85525 -0.0137639 163.733 0.855344 0.517854 0.0146385 137.28 -0.00539191 -0.0193561 0.999798 0.69964
0.50999 -0.860089 -0.0125589 164.744 0.860174 0.50999 0.00343037 138.992 0.0034545 -0.0125523 0.999915 0.684501
0.498949 -0.866598 0.00759263 165.767 0.865979 0.498894 0.0344371 140.794 -0.0336311 -0.0106073 0.999378 0.68828
0.490949 -0.871188 -0.000545357 166.765 0.871014 0.490839 0.0202816 142.536 -0.0174014 -0.0104322 0.999794 0.672138
0.486253 -0.873564 0.0210857 167.831 0.873581 0.486541 0.011568 144.254 -0.0203644 0.0127951 0.999711 0.681882
0.483196 -0.875056 0.0282583 168.873 0.875386 0.483423 0.00139168 146.004 -0.0148785 0.0240645 0.9996 0.715599
0.480512 -0.87597 0.0422386 169.91 0.876742 0.48096 0.000508539 147.788 -0.0207606 0.036788 0.999107 0.728041
0.479536 -0.87643 0.0437582 170.92 0.877387 0.479741 -0.00637946 149.558 -0.0154014 0.041452 0.999022 0.732414
0.480078 -0.876568 0.0339564 171.885 0.877226 0.479722 -0.0184972 151.295 -7.55899e-05 0.0386675 0.999252 0.739612
0.478478 -0.876823 0.0473222 172.831 0.877889 0.478849 -0.00388655 152.979 -0.0192524 0.0434032 0.998872 0.761291
0.471443 -0.880091 0.0564052 173.7 0.881526 0.472135 -0.00119875 154.533 -0.0255758 0.0502877 0.998407 0.752718
0.443445 -0.894325 0.0594947 174.448 0.896186 0.443477 -0.0133971 155.95 -0.0144032 0.0592592 0.998139 0.72759
0.358758 -0.931201 0.064476 175.25 0.933341 0.358823 -0.0109703 157.825 -0.0129199 0.0641138 0.997859 0.693066
0.21335 -0.975516 0.0533806 175.734 0.976967 0.212793 -0.0159681 159.691 0.00421808 0.0555578 0.998447 0.683857
-0.0435327 -0.999052 0.000146255 175.711 0.998982 -0.0435314 -0.0118618 161.942 0.0118569 -0.00037027 0.99993 0.706952
-0.269059 -0.962693 -0.028815 175.264 0.96293 -0.269485 0.0120094 163.606 -0.0193265 -0.0245156 0.999513 0.704197
-0.475851 -0.878577 -0.0408379 174.5 0.878779 -0.476847 0.0190681 165.067 -0.0362263 -0.0268139 0.998984 0.667778
-0.662158 -0.749115 -0.0193228 173.451 0.749107 -0.662386 0.00914668 166.351 -0.0196511 -0.00841828 0.999771 0.588618
-0.761901 -0.647359 -0.0207961 172.399 0.647383 -0.762137 0.0064647 167.244 -0.0200345 -0.00853761 0.999763 0.550524
-0.8265 -0.562636 -0.0184011 171.178 0.562727 -0.826643 0.000336379 168.075 -0.0154004 -0.0100768 0.999831 0.510312
-0.862623 -0.505577 -0.0165354 169.814 0.505744 -0.862647 -0.00793505 168.867 -0.0102524 -0.0152076 0.999832 0.474495
-0.878536 -0.47742 -0.0156189 168.316 0.477635 -0.87842 -0.0155917 169.665 -0.00627616 -0.0211579 0.999756 0.445188
-0.88192 -0.471136 -0.0157494 166.684 0.471354 -0.881808 -0.0154906 170.53 -0.00658974 -0.021085 0.999756 0.419075
-0.881565 -0.471863 -0.0137172 164.898 0.47203 -0.881472 -0.0139658 171.464 -0.00550133 -0.0187867 0.999808 0.387387
-0.8819 -0.471363 -0.00827967 163.617 0.471435 -0.881803 -0.0131273 172.043 -0.00111329 -0.0154803 0.99988 0.334964
-0.881753 -0.471646 -0.00785599 162.256 0.471711 -0.881632 -0.0145938 172.679 -4.29908e-05 -0.0165739 0.999863 0.293507
-0.881043 -0.472987 -0.00682701 160.833 0.473035 -0.880978 -0.0107437 173.385 -0.000932838 -0.012695 0.999919 0.26991
-0.880148 -0.474676 -0.00480325 159.365 0.4747 -0.88012 -0.00702411 174.134 -0.00089326 -0.00846236 0.999964 0.267139
-0.879673 -0.475493 -0.00902174 157.843 0.475526 -0.8797 -0.00184933 174.922 -0.00705708 -0.00591688 0.999958 0.260826
-0.879316 -0.476048 -0.0135028 156.3 0.476055 -0.879411 0.00286212 175.725 -0.013237 -0.00391136 0.999905 0.251011
-0.880534 -0.473928 -0.00719949 154.766 0.473942 -0.880556 -0.000262811 176.52 -0.006215 -0.00364355 0.999974 0.238901
-0.882873 -0.469558 -0.00707624 153.22 0.469529 -0.8829 0.00543392 177.328 -0.00879916 0.00147496 0.99996 0.231007
-0.885825 -0.46377 -0.0152042 151.664 0.463599 -0.885942 0.0135291 178.128 -0.0197444 0.00493583 0.999793 0.220791
-0.887795 -0.460082 -0.0119912 150.13 0.459892 -0.887837 0.0156571 178.976 -0.0178498 0.00838567 0.999806 0.17008
-0.889692 -0.456468 -0.00924673 148.593 0.456377 -0.889726 0.0103697 179.793 -0.0129605 0.00500588 0.999904 0.130008
-0.890878 -0.454137 -0.00975475 147.03 0.454096 -0.890931 0.00624146 180.603 -0.0115253 0.00113079 0.999933 0.0875469
-0.891355 -0.453242 -0.00762703 145.465 0.453271 -0.89137 -0.00245953 181.403 -0.00568374 -0.00564942 0.999968 0.062097
-0.890226 -0.45545 -0.00794449 143.914 0.455496 -0.890222 -0.00528669 182.201 -0.00466454 -0.00832502 0.999954 0.0564669
-0.888418 -0.458966 -0.00793602 142.386 0.458999 -0.888433 -0.00277017 183.021 -0.0057792 -0.00610369 0.999965 0.0586097
-0.886665 -0.462352 -0.00744551 140.878 0.462329 -0.886696 0.00464694 183.839 -0.00875043 0.000678009 0.999961 0.055161
-0.884964 -0.465648 -0.00333796 139.387 0.465604 -0.884946 0.00912257 184.647 -0.00720182 0.00651897 0.999953 0.0429971
-0.883791 -0.467882 -0.000616739 137.906 0.467845 -0.883736 0.0114547 185.442 -0.00590447 0.00983499 0.999934 0.0520501
-0.88403 -0.467362 -0.00795352 136.437 0.467203 -0.884004 0.016106 186.235 -0.0145583 0.0105223 0.999839 0.0676952
-0.885846 -0.463853 -0.0108841 134.976 0.463698 -0.885881 0.0140836 187.004 -0.0161748 0.00742899 0.999842 0.0846635
-0.888837 -0.458186 -0.00588371 133.536 0.458124 -0.888838 0.00943703 187.755 -0.00955358 0.00569251 0.999938 0.10221
-0.893128 -0.449775 -0.00492642 132.093 0.449745 -0.893136 0.00614373 188.49 -0.00716326 0.00327151 0.999969 0.116832
-0.89733 -0.441282 -0.00833681 130.651 0.441272 -0.897368 0.00309021 189.202 -0.00884484 -0.000905867 0.99996 0.122741
-0.900916 -0.433713 -0.0155662 129.213 0.433781 -0.901017 -0.00112754 189.878 -0.0135364 -0.00776815 0.999878 0.135008
-0.90313 -0.428968 -0.0185015 127.79 0.429178 -0.903173 -0.00921602 190.527 -0.0127567 -0.0162637 0.999786 0.149637
-0.904064 -0.426815 -0.0222961 126.402 0.427211 -0.903979 -0.0176815 191.157 -0.0126085 -0.0255103 0.999595 0.162403
-0.904451 -0.425829 -0.0252865 125.056 0.426362 -0.904291 -0.0217595 191.773 -0.0136006 -0.0304616 0.999443 0.189116
-0.903545 -0.427476 -0.0295005 123.145 0.428236 -0.903244 -0.027651 192.654 -0.014826 -0.0376171 0.999182 0.217332
-0.900007 -0.434697 -0.032043 121.362 0.435595 -0.899634 -0.030255 193.498 -0.0156752 -0.0411874 0.999028 0.239895
-0.896294 -0.442587 -0.0278299 119.71 0.443279 -0.895958 -0.0276349 194.313 -0.0127036 -0.0371054 0.999231 0.248411
-0.891212 -0.45257 -0.0303476 118.181 0.45336 -0.890887 -0.0280321 195.067 -0.0143497 -0.0387409 0.999146 0.257267
-0.88515 -0.464332 -0.0300756 116.813 0.465071 -0.884907 -0.0254906 195.782 -0.0147779 -0.0365503 0.999223 0.272792
-0.876351 -0.480513 -0.0334286 115.204 0.4813 -0.876293 -0.0214636 196.653 -0.0189797 -0.0348988 0.999211 0.283151
-0.865375 -0.500213 -0.0302166 113.864 0.500799 -0.865413 -0.0161527 197.437 -0.01807 -0.0291106 0.999413 0.294741
-0.852861 -0.521382 -0.0280894 112.582 0.521868 -0.852915 -0.0137609 198.233 -0.0167832 -0.0263951 0.999511 0.311209
-0.844611 -0.535368 -0.00353572 111.378 0.535306 -0.844367 -0.0221895 199.094 0.0088941 -0.0206342 0.999748 0.352549
-0.80502 -0.593244 0.00219875 110.243 0.592959 -0.804738 -0.0282263 199.905 0.0185145 -0.021419 0.999599 0.362944
-0.703384 -0.710808 -0.00157901 109.105 0.710755 -0.7033 -0.0140187 201.014 0.00885409 -0.0109828 0.9999 0.377545
-0.529829 -0.847992 -0.0138023 108.202 0.848063 -0.529895 0.00131725 202.348 -0.00843077 -0.0110073 0.999904 0.385639
-0.266058 -0.963952 -0.00320169 107.634 0.963947 -0.266069 0.00364677 204.061 -0.00436718 -0.00211601 0.999988 0.374001
0.0504799 -0.998714 0.00467658 107.619 0.998713 0.0505018 0.00467974 206.166 -0.00490989 0.00443433 0.999978 0.358156
0.260573 -0.965414 0.00877227 108.086 0.965454 0.260559 -0.0027481 208.082 0.000367356 0.00918531 0.999958 0.349487
0.369776 -0.929052 0.0113386 108.705 0.929109 0.369805 0.000461552 209.651 -0.00462187 0.0103641 0.999936 0.35633
0.431059 -0.902127 0.0188275 109.52 0.902294 0.43112 -0.000897176 211.306 -0.00730754 0.0173747 0.999822 0.352775
0.459306 -0.888058 0.0197701 110.45 0.888252 0.45935 -0.00249564 213.076 -0.00686512 0.0187071 0.999801 0.341809
0.469327 -0.882796 0.0200949 111.126 0.88301 0.469328 -0.00497459 214.312 -0.00503955 0.0200787 0.999786 0.3352
0.474581 -0.879934 0.0221163 112.202 0.88017 0.474654 -0.00213675 216.273 -0.0086174 0.0204802 0.999753 0.325932
0.474788 -0.879747 0.0249332 112.963 0.880014 0.474947 0.000508494 217.656 -0.0122893 0.0217001 0.999689 0.309087
0.471911 -0.881305 0.0245158 113.749 0.881613 0.471952 -0.00446294 219.084 -0.00763705 0.0237195 0.999689 0.280547
0.470599 -0.882195 0.0163944 114.552 0.882344 0.470466 -0.0114425 220.559 0.0023815 0.0198504 0.9998 0.256472
0.470532 -0.882218 0.0170827 115.385 0.882377 0.470514 -0.00529489 222.094 -0.00336638 0.0175648 0.99984 0.245498
0.470648 -0.881915 0.0267536 116.247 0.882114 0.470978 0.00739866 223.676 -0.0191254 0.0201176 0.999615 0.233213
0.469408 -0.882506 0.028987 117.128 0.882915 0.469523 -0.00311212 225.28 -0.0108636 0.0270539 0.999575 0.202123
0.467529 -0.883618 0.0252047 118.023 0.883976 0.467283 -0.0152755 226.926 0.00171995 0.0294221 0.999566 0.179739
0.466187 -0.884387 0.0230096 118.936 0.884685 0.46599 -0.013597 228.635 0.00130273 0.0266949 0.999643 0.181061
0.465965 -0.884385 0.0271831 119.873 0.88472 0.466122 -0.000638478 230.393 -0.012106 0.0243469 0.99963 0.179825
0.467069 -0.883702 0.0302945 120.844 0.884098 0.467301 0.000628198 232.161 -0.0147118 0.0264899 0.999541 0.16387
0.46722 -0.883683 0.0284524 121.822 0.884119 0.467193 -0.0079988 233.944 -0.00622433 0.0288925 0.999563 0.147135
0.46633 -0.884127 0.0292493 122.812 0.884598 0.466247 -0.00999609 235.761 -0.00479959 0.0305353 0.999522 0.142843
0.463529 -0.885436 0.0338053 123.816 0.886012 0.463634 -0.00513625 237.608 -0.0111255 0.0323327 0.999415 0.134697
0.460533 -0.886994 0.033937 124.814 0.887633 0.460373 -0.0128502 239.458 -0.00422562 0.0360415 0.999341 0.121849
0.458285 -0.888292 0.0302068 125.811 0.888803 0.457944 -0.0177795 241.319 0.00196033 0.034996 0.999386 0.129594
0.455683 -0.88963 0.0301806 126.809 0.890135 0.455551 -0.0115109 243.202 -0.00350834 0.0321101 0.999478 0.140067
0.453183 -0.890875 0.0311115 127.803 0.891339 0.453329 -0.00257761 245.085 -0.0118074 0.0288991 0.999513 0.143756
0.452474 -0.891307 0.0289749 128.785 0.891696 0.452634 -0.00113267 246.949 -0.0121055 0.0263493 0.999579 0.133344
0.452978 -0.891118 0.0268205 129.757 0.891495 0.452991 -0.00594587 248.795 -0.00685097 0.0266037 0.999623 0.12521
0.452841 -0.891236 0.0251599 130.727 0.891591 0.452696 -0.0115135 250.63 -0.00112856 0.0276461 0.999617 0.126915
0.453648 -0.890838 0.0247417 131.687 0.891163 0.45364 -0.00622457 252.465 -0.00567875 0.0248726 0.999674 0.140352
0.454389 -0.89051 0.0228459 132.634 0.890763 0.454464 -0.0021297 254.29 -0.00848613 0.021318 0.999737 0.149683
0.455363 -0.89 0.0233519 133.577 0.890146 0.455622 0.00700753 256.119 -0.0168763 0.0175956 0.999703 0.141623
0.456398 -0.889623 0.0164622 134.517 0.889682 0.45654 0.00605788 257.941 -0.0129049 0.0118813 0.999846 0.118214
0.457365 -0.889237 0.00868895 135.457 0.889263 0.457394 0.00159577 259.756 -0.00539329 0.00699691 0.999961 0.10071
0.458257 -0.888816 0.00249706 136.397 0.888815 0.458262 0.00197577 261.573 -0.0029004 0.00131401 0.999995 0.0981013
0.458121 -0.888884 0.00315083 137.348 0.888867 0.458132 0.00554635 263.395 -0.00637356 0.000259772 0.99998 0.0992939
0.457393 -0.889248 0.0054202 138.323 0.889219 0.457422 0.00734647 265.212 -0.00901216 0.00145952 0.999958 0.0950793
0.458241 -0.888816 0.00473584 139.299 0.888786 0.458264 0.00730331 267.043 -0.00866156 0.000862468 0.999962 0.085384
0.459574 -0.888124 0.00532193 140.286 0.888099 0.459602 0.00682182 268.889 -0.00850459 0.00159127 0.999963 0.0763752
0.460496 -0.887648 0.00488381 141.277 0.887609 0.460522 0.00832303 270.757 -0.00963703 0.000502193 0.999953 0.0732419
0.461412 -0.887183 0.00216944 142.274 0.887176 0.461417 0.0036428 272.635 -0.00423285 0.00024384 0.999991 0.0712896
0.461401 -0.887186 0.00314784 143.277 0.887185 0.461409 0.00226964 274.542 -0.00346603 0.0017455 0.999992 0.0789117
0.461909 -0.886908 0.00585589 144.28 0.886854 0.461946 0.00983695 276.466 -0.0114296 0.000649539 0.999934 0.0958154
0.462604 -0.886526 0.00824882 145.28 0.886431 0.462676 0.0130784 278.389 -0.0154109 0.0012619 0.99988 0.101202
0.462647 -0.886466 0.0116945 146.28 0.886429 0.462758 0.00988337 280.294 -0.014173 0.00579381 0.999883 0.102324
0.46232 -0.886625 0.0124985 147.277 0.886661 0.4624 0.00427769 282.19 -0.00957202 0.00910431 0.999913 0.105028
0.461959 -0.886723 0.017791 148.271 0.886795 0.462121 0.00620934 284.087 -0.0137276 0.0129085 0.999822 0.109363
0.461429 -0.88682 0.0251537 149.251 0.886967 0.461751 0.00866389 285.992 -0.019298 0.0183127 0.999646 0.11193
0.46117 -0.886899 0.027068 150.221 0.887231 0.461326 -0.000532527 287.867 -0.0120149 0.0242612 0.999633 0.106604
0.460439 -0.887217 0.0290337 151.187 0.88762 0.460571 -0.00235667 289.72 -0.0112812 0.026856 0.999576 0.112093
0.458493 -0.888015 0.0348438 152.134 0.88855 0.45878 0.000270503 291.541 -0.0162258 0.0308364 0.999393 0.122115
0.456576 -0.88877 0.0403215 153.065 0.889447 0.457032 0.00239602 293.328 -0.0205577 0.0347699 0.999184 0.121192
0.45478 -0.889611 0.0420368 153.979 0.890427 0.455123 -0.00158293 295.084 -0.0177237 0.0381506 0.999115 0.115591
0.453086 -0.890579 0.0397707 154.861 0.891334 0.453338 -0.00293218 296.814 -0.0154183 0.0367775 0.999205 0.109751
0.451808 -0.891246 0.039374 155.719 0.891965 0.452102 -0.00158739 298.504 -0.0163863 0.0358374 0.999223 0.10871
0.451036 -0.891778 0.0360273 156.549 0.892355 0.451334 0.000135891 300.156 -0.0163815 0.0320879 0.999351 0.109383
0.45158 -0.891575 0.0342038 157.354 0.892132 0.451769 -0.00242336 301.747 -0.0132916 0.0316087 0.999412 0.100543
0.454048 -0.890342 0.0336472 158.136 0.89086 0.454276 -0.000953774 303.285 -0.0144359 0.030408 0.999433 0.100281
0.456843 -0.888746 0.0377345 158.898 0.889396 0.457136 -0.000973295 304.746 -0.0163848 0.0340056 0.999287 0.106783
0.459667 -0.887111 0.0417116 159.635 0.887882 0.460071 0.000110338 306.126 -0.0192882 0.0369843 0.99913 0.12391
0.462227 -0.885723 0.0429183 160.328 0.886472 0.462771 0.00317594 307.425 -0.0226744 0.0365779 0.999074 0.132036
0.466024 -0.883899 0.0393079 161.278 0.884649 0.46624 -0.00403598 309.203 -0.0147595 0.0366545 0.999219 0.146627
0.468467 -0.882632 0.0387192 162.14 0.883361 0.468675 -0.00407554 310.811 -0.0145495 0.0361123 0.999242 0.15693
0.463349 -0.885317 0.0390008 162.905 0.886002 0.463681 -0.000603657 312.24 -0.0175495 0.0348345 0.999239 0.182373
0.427664 -0.903334 0.0330235 163.722 0.903906 0.42767 -0.00723414 313.926 -0.00758832 0.0329439 0.999428 0.208526
0.340244 -0.939892 0.0289436 164.334 0.940279 0.340404 0.00062487 315.58 -0.0104398 0.0270025 0.999581 0.246183
0.13789 -0.990162 0.023786 164.72 0.990324 0.138212 0.0124787 317.679 -0.0156434 0.0218352 0.999639 0.29967
-0.1307 -0.991386 0.0084299 164.571 0.991024 -0.130402 0.0294263 319.81 -0.0280736 0.0122003 0.999531 0.319131
-0.369223 -0.929146 0.0190543 164.006 0.928677 -0.368107 0.0453398 321.589 -0.0351133 0.0344358 0.99879 0.294549
-0.546861 -0.836634 0.0314265 163.264 0.836997 -0.545455 0.0437473 322.852 -0.0194587 0.0502276 0.998548 0.273208
-0.706443 -0.706423 0.0436363 162.236 0.70777 -0.705106 0.0434407 323.984 8.07475e-05 0.0615729 0.998103 0.275578
-0.823228 -0.56743 0.0178385 160.895 0.567643 -0.822239 0.0412861 324.944 -0.00875948 0.0441138 0.998988 0.300667
-0.885159 -0.46528 -0.00289183 159.335 0.465054 -0.884893 0.0262353 325.749 -0.0147657 0.0218776 0.999652 0.316673
-0.907131 -0.420644 -0.0131078 157.653 0.42037 -0.907145 0.0194227 326.522 -0.0200607 0.0121088 0.999725 0.324854
-0.910688 -0.412896 0.0127845 155.913 0.412986 -0.910722 0.00524606 327.304 0.00947709 0.0100574 0.999905 0.317004
-0.909552 -0.41556 0.00515184 154.054 0.41559 -0.909446 0.0139018 328.164 -0.0010917 0.0147854 0.99989 0.357566
-0.907239 -0.42061 0.00230355 152.101 0.420616 -0.907233 0.00317569 329.048 0.00075413 0.00385001 0.999992 0.381269
-0.903386 -0.428828 0.00055057 150.742 0.428826 -0.903384 -0.00234893 329.672 0.00150466 -0.00188589 0.999997 0.398798
-0.899627 -0.4366 -0.00712574 149.328 0.436631 -0.899634 -0.00347465 330.35 -0.00489352 -0.00623721 0.999969 0.41857
-0.896773 -0.4424 -0.00900431 147.865 0.442454 -0.896777 -0.00512515 331.061 -0.00580749 -0.00858008 0.999946 0.427314
-0.893803 -0.448435 -0.00478643 146.358 0.44845 -0.893804 -0.00267681 331.826 -0.00307775 -0.00453901 0.999985 0.424042
-0.890886 -0.454042 -0.0129693 144.79 0.45405 -0.890973 0.00251356 332.628 -0.0126966 -0.00364943 0.999913 0.420136
-0.888194 -0.459129 -0.0176841 143.202 0.459051 -0.888369 0.00849628 333.462 -0.0196109 -0.000571546 0.999808 0.409369
-0.88596 -0.463506 -0.0153738 141.6 0.463517 -0.886083 0.00305959 334.303 -0.0150406 -0.00441535 0.999877 0.398559
-0.885262 -0.464975 -0.0105085 139.984 0.464978 -0.885319 0.00224514 335.164 -0.0103473 -0.0028987 0.999942 0.391983
-0.885736 -0.464047 -0.011537 138.348 0.464031 -0.885809 0.00413634 336.03 -0.0121391 -0.00168983 0.999925 0.393207
-0.886748 -0.462057 -0.0134728 136.717 0.462045 -0.886847 0.00417013 336.889 -0.0138751 -0.00252718 0.999901 0.390369
-0.88779 -0.459959 -0.0163142 135.087 0.46 -0.887918 0.0013704 337.737 -0.015116 -0.00628792 0.999866 0.387175
-0.888734 -0.458122 -0.0166193 133.468 0.458181 -0.888859 0.000251917 338.585 -0.0148876 -0.00739078 0.999862 0.386479
-0.890715 -0.454379 -0.012873 131.85 0.454422 -0.890786 -0.000484482 339.428 -0.0112469 -0.00628129 0.999917 0.37978
-0.893927 -0.447779 -0.019724 130.223 0.447854 -0.894106 0.000682468 340.258 -0.017941 -0.00822341 0.999805 0.375846
-0.897014 -0.441356 -0.0238768 128.598 0.441574 -0.897214 -0.00446729 341.062 -0.0194509 -0.0145506 0.999705 0.373514
-0.899294 -0.436868 -0.020405 126.982 0.437123 -0.899345 -0.0101237 341.852 -0.0139284 -0.0180237 0.999741 0.36598
-0.900588 -0.434363 -0.0164253 125.369 0.434536 -0.900611 -0.00887678 342.646 -0.010937 -0.0151317 0.999826 0.366283
-0.900535 -0.43424 -0.0217454 123.757 0.434463 -0.900665 -0.00664509 343.438 -0.0166997 -0.0154317 0.999741 0.378401
-0.898637 -0.438353 -0.0172936 122.161 0.438569 -0.898622 -0.0116325 344.226 -0.0104413 -0.0180378 0.999783 0.382716
-0.895207 -0.445119 -0.0217618 120.567 0.445448 -0.895205 -0.0135573 345.02 -0.0134467 -0.0218304 0.999671 0.390658
-0.890672 -0.45396 -0.024984 118.985 0.454357 -0.890722 -0.0132355 345.824 -0.0162454 -0.0231402 0.9996 0.391602
-0.885902 -0.46315 -0.0258892 117.424 0.463542 -0.885998 -0.0116716 346.643 -0.017532 -0.0223406 0.999597 0.387909
-0.881019 -0.472518 -0.0230866 115.882 0.472855 -0.881058 -0.0120879 347.471 -0.0146289 -0.0215663 0.99966 0.387765
-0.876095 -0.481686 -0.0209078 114.354 0.482001 -0.876059 -0.0140302 348.301 -0.0115583 -0.0223694 0.999683 0.395386
-0.871109 -0.490585 -0.0222461 112.839 0.490918 -0.871108 -0.0130514 349.151 -0.012976 -0.0222902 0.999667 0.401679
-0.866569 -0.498372 -0.0261442 111.337 0.498761 -0.86667 -0.0109691 350.013 -0.0171917 -0.0225452 0.999598 0.403653
-0.863306 -0.50404 -0.0254325 109.868 0.504321 -0.863497 -0.00576884 350.881 -0.0190532 -0.0178064 0.99966 0.406059
-0.861555 -0.507279 -0.0197686 108.457 0.507424 -0.861692 -0.00279858 351.722 -0.0156148 -0.0124422 0.999801 0.408122
-0.860845 -0.508586 -0.0169159 107.113 0.508642 -0.860978 0.00115155 352.527 -0.0151499 -0.00761284 0.999856 0.417039
-0.861432 -0.507727 -0.0121912 105.841 0.507721 -0.861513 0.00381139 353.29 -0.012438 -0.00290648 0.999918 0.428636
-0.86422 -0.503002 -0.0106257 104.642 0.502936 -0.864283 0.00839325 354.002 -0.0134055 0.00190955 0.999908 0.440856
-0.87174 -0.489842 -0.0111422 102.991 0.489674 -0.871779 0.0148454 354.955 -0.0169855 0.00748531 0.999828 0.459859
-0.882121 -0.470978 -0.00649578 101.415 0.470871 -0.882104 0.0131839 355.811 -0.0119393 0.00857113 0.999892 0.473836
-0.892207 -0.451582 -0.00639343 99.8432 0.451489 -0.892195 0.0121263 356.621 -0.0111802 0.00793259 0.999906 0.494331
-0.901008 -0.433799 0.00188258 98.2839 0.433802 -0.900985 0.00651672 357.389 -0.00113077 0.00668828 0.999977 0.507216
-0.907784 -0.419421 0.00386764 96.6918 0.419426 -0.907789 0.000690428 358.134 0.00322142 0.00224895 0.999992 0.531321
-0.913175 -0.407533 0.00525102 95.0401 0.40754 -0.913187 0.000243593 358.886 0.00469589 0.00236244 0.999986 0.557451
-0.916022 -0.401094 0.00526198 93.3241 0.401038 -0.916015 -0.00923538 359.635 0.00852432 -0.00634956 0.999943 0.581028
-0.916158 -0.400816 0.00111513 91.5259 0.4008 -0.916141 -0.00679631 360.429 0.00374568 -0.00577955 0.999976 0.600672
-0.914514 -0.403596 -0.0278223 89.5965 0.403813 -0.914839 -0.00242274 361.265 -0.0244751 -0.0134506 0.99961 0.599447
-0.912095 -0.408997 -0.028372 88.2698 0.409376 -0.912323 -0.0088848 361.847 -0.0222505 -0.0197186 0.999558 0.591288
-0.908946 -0.41685 -0.00728505 86.912 0.416905 -0.908676 -0.0223256 362.458 0.00268667 -0.0233299 0.999724 0.555154
-0.904845 -0.424273 -0.0353351 85.4521 0.424838 -0.905214 -0.010027 363.138 -0.0277317 -0.0240845 0.999325 0.540297
-0.901803 -0.431014 -0.0312978 83.9784 0.431434 -0.90211 -0.00788621 363.847 -0.024835 -0.0206148 0.999479 0.510113
-0.898832 -0.438244 -0.00652552 82.4774 0.438273 -0.898552 -0.0228195 364.571 0.00413701 -0.0233709 0.999718 0.473344
-0.894364 -0.446646 -0.0248953 80.8809 0.447225 -0.894009 -0.0271545 365.34 -0.0101282 -0.0354198 0.999321 0.470312
-0.888308 -0.45855 -0.0253069 79.2599 0.459201 -0.887657 -0.0346421 366.149 -0.00657872 -0.0423938 0.999079 0.458331
-0.881778 -0.471664 -8.38432e-05 77.6362 0.471344 -0.881173 -0.0370089 367.02 0.0173819 -0.0326732 0.999315 0.453771
-0.875011 -0.483993 -0.0103112 75.9481 0.484099 -0.874719 -0.0227069 367.949 0.00197063 -0.0248604 0.999689 0.48393
-0.86916 -0.494126 -0.0200032 74.2364 0.494409 -0.869133 -0.0129572 368.901 -0.0109829 -0.0211516 0.999716 0.487409
-0.866417 -0.49919 -0.0114999 72.5303 0.499314 -0.866307 -0.014069 369.871 -0.00293936 -0.0179317 0.999835 0.478837
-0.865846 -0.5002 -0.0104854 70.8078 0.50029 -0.865811 -0.00907497 370.866 -0.00453904 -0.0131033 0.999904 0.495645
-0.866949 -0.498179 -0.0147787 69.0721 0.498324 -0.86695 -0.00848032 371.854 -0.00858763 -0.0147166 0.999855 0.508138
-0.869865 -0.492912 -0.0192828 67.3291 0.4931 -0.869949 -0.0063545 372.842 -0.0136429 -0.0150359 0.999794 0.51254
-0.873144 -0.487456 -0.00232883 65.6146 0.487459 -0.873114 -0.00742161 373.825 0.00158437 -0.00761535 0.99997 0.506943
-0.876523 -0.48136 -0.00101836 63.8894 0.481358 -0.876523 0.00162108 374.809 -0.00167294 0.000930715 0.999998 0.51035
-0.87903 -0.476691 -0.00852585 62.1548 0.476665 -0.879071 0.00491279 375.765 -0.00983671 0.00025451 0.999952 0.515128
-0.881082 -0.472915 -0.00679908 60.4389 0.472951 -0.881071 -0.00554831 376.679 -0.0033666 -0.00810415 0.999961 0.520457
-0.883069 -0.469226 -0.00406244 58.7265 0.469243 -0.88303 -0.00830904 377.596 0.000311559 -0.00924373 0.999957 0.533223
-0.885015 -0.465499 -0.0077601 57.0157 0.465516 -0.885039 -0.000466071 378.519 -0.00665103 -0.00402493 0.99997 0.548871
-0.887827 -0.459901 -0.0159281 55.302 0.459828 -0.88797 0.00822038 379.43 -0.0179242 -2.58964e-05 0.999839 0.552453
