0.478682 -0.87775 0.0204598 0.683951 0.877971 0.478687 -0.00496789 0.553054 -0.0054333 0.0203412 0.999778 0.788652
0.475569 -0.879562 0.0143053 1.48324 0.879678 0.47552 -0.0068145 2.11078 -0.000808696 0.0158249 0.999874 0.796149
0.472888 -0.881008 0.0142354 2.30137 0.881119 0.472871 -0.00474069 3.70439 -0.00255493 0.0147849 0.999887 0.805759
0.470459 -0.882287 0.0154489 3.13423 0.882411 0.47047 -0.00315605 5.32068 -0.00448371 0.0151171 0.999876 0.812075
0.468012 -0.88358 0.0158237 3.97454 0.883718 0.467988 -0.00541075 6.95033 -0.00262447 0.016516 0.99986 0.816718
0.467129 -0.884019 0.0173616 4.82612 0.884154 0.467196 -0.000274736 8.60639 -0.00786838 0.0154786 0.999849 0.823597
0.468863 -0.88303 0.0206372 5.6898 0.883155 0.469052 0.00525927 10.278 -0.014324 0.01576 0.999773 0.829533
0.47122 -0.881788 0.02003 6.56327 0.881917 0.471386 0.00429228 11.9594 -0.0132268 0.0156422 0.99979 0.821161
0.473348 -0.880743 0.0152862 7.44755 0.880864 0.47336 -0.00306271 13.6554 -0.00453841 0.0149148 0.999878 0.815796
0.47371 -0.880411 0.0217918 8.354 0.880621 0.473821 -0.000107113 15.3771 -0.0102311 0.0192411 0.999763 0.816707
0.471952 -0.880993 0.0333507 9.27409 0.881509 0.472164 -0.00172676 17.1075 -0.0142257 0.0302139 0.999442 0.810811
0.469498 -0.882378 0.0313101 10.185 0.882914 0.469427 -0.0100568 18.8489 -0.0058239 0.0323657 0.999459 0.800177
0.466834 -0.883798 0.0311064 11.1308 0.884322 0.466785 -0.0092602 20.6884 -0.00633585 0.0318311 0.999473 0.843097
0.464629 -0.884993 0.030127 12.079 0.885444 0.464729 -0.00401181 22.5526 -0.0104505 0.0285398 0.999538 0.892499
0.463423 -0.885526 0.0329029 13.0211 0.885985 0.463712 0.00131853 24.4002 -0.0164251 0.0285404 0.999458 0.921416
0.462953 -0.885937 0.0281228 13.9363 0.886189 0.463282 0.00620278 26.2338 -0.0185241 0.0220505 0.999585 0.929085
0.463145 -0.885952 0.0242028 14.8437 0.88617 0.463349 0.00327668 28.0392 -0.0141173 0.0199302 0.999702 0.929952
0.461154 -0.886922 0.0265771 15.7529 0.887189 0.461394 0.00338187 29.826 -0.0152619 0.0220193 0.999641 0.941092
0.460141 -0.887535 0.0235066 16.6408 0.887731 0.460346 0.00388124 31.6023 -0.0142659 0.0190816 0.999716 0.952789
0.459248 -0.888094 0.019517 17.5186 0.888273 0.459314 -0.00121411 33.3592 -0.0078862 0.017894 0.999809 0.957339
0.458531 -0.888321 0.0252141 18.4042 0.888568 0.458737 0.00272737 35.1105 -0.0139894 0.0211538 0.999678 0.970582
0.458141 -0.888401 0.0291571 19.2789 0.888766 0.45836 0.000960606 36.8395 -0.0142179 0.0254737 0.999574 0.972533
0.456668 -0.889023 0.0330363 20.1539 0.88954 0.456852 -0.00220577 38.5554 -0.0131317 0.0303944 0.999452 0.970143
0.454854 -0.889582 0.0418448 21.0219 0.890276 0.455403 0.0041447 40.2773 -0.0227433 0.0353682 0.999116 0.958884
0.453043 -0.890625 0.0392323 21.8631 0.891203 0.453573 0.00535718 41.9784 -0.022566 0.0325369 0.999216 0.944102
0.451231 -0.891887 0.0304644 22.6919 0.892368 0.45127 -0.00598573 43.6266 -0.00840908 0.0298864 0.999518 0.935801
0.449159 -0.893112 0.0246607 23.4911 0.893373 0.449315 0.000907577 45.2566 -0.011891 0.0216235 0.999695 0.946208
0.446794 -0.894354 0.0225002 24.2671 0.894545 0.446968 0.00311506 46.8343 -0.0128428 0.0187356 0.999742 0.956777
0.443951 -0.895809 0.020807 25.0142 0.895938 0.444144 0.00553715 48.366 -0.0142016 0.0161836 0.999768 0.964186
0.441153 -0.897158 0.0221658 25.7403 0.897293 0.441385 0.00668022 49.8513 -0.0157769 0.0169423 0.999732 0.969019
0.438647 -0.898394 0.0218323 26.4353 0.898378 0.438988 0.0143436 51.2978 -0.0224703 0.0133219 0.999659 0.970618
0.434618 -0.900536 0.0119226 27.4154 0.90051 0.434731 0.00955262 53.3459 -0.0137856 0.00658466 0.999883 0.982304
0.432221 -0.901735 0.00770757 28.3084 0.901725 0.432268 0.00607215 55.2415 -0.00880721 0.00432559 0.999952 1.00084
0.42986 -0.902785 0.0141517 29.1377 0.902884 0.42988 -0.00172662 56.9616 -0.00452479 0.0135196 0.999898 1.03953
0.436694 -0.899553 0.0101459 29.8909 0.899609 0.436682 -0.00348129 58.5457 -0.00129891 0.0106476 0.999942 1.07824
0.452154 -0.891609 0.0243031 30.6381 0.891845 0.452336 0.00226452 59.9985 -0.0130122 0.0206507 0.999702 1.11339
0.489774 -0.871752 0.0130602 31.335 0.871736 0.489897 0.00877715 61.3324 -0.0140496 0.00708621 0.999876 1.13324
0.580416 -0.81404 0.0213811 32.3618 0.814039 0.580705 0.0110241 62.858 -0.0213902 0.0110065 0.999711 1.14524
0.710393 -0.703498 0.0208086 33.5382 0.703373 0.710682 0.0140418 64.1156 -0.0246667 0.004661 0.999685 1.14327
0.854501 -0.519177 0.0168189 34.8774 0.519048 0.854666 0.0116326 64.9873 -0.020414 -0.00121026 0.999791 1.12565
0.973808 -0.226135 0.0236832 36.7101 0.225932 0.974082 0.010957 65.4892 -0.0255472 -0.00531921 0.999659 1.10179
0.995 0.0975045 0.0216142 38.9626 -0.097623 0.995213 0.00449212 65.3519 -0.0210727 -0.0065797 0.999756 1.05921
0.962809 0.269513 0.0190298 40.8348 -0.269661 0.962939 0.00564699 64.8455 -0.0168026 -0.0105686 0.999803 1.03465
0.934693 0.35543 -0.00438652 42.3782 -0.355446 0.93469 -0.00358807 64.214 0.00282473 0.00491292 0.999984 0.991241
0.910944 0.412478 0.00659334 44.0868 -0.412463 0.910967 -0.00353964 63.4263 -0.00746634 0.000504901 0.999972 0.999471
0.897647 0.44071 0.00223751 45.4498 -0.440661 0.897604 -0.01123 62.7023 -0.00695757 0.00909459 0.999934 0.993673
0.889428 0.457074 -0.00139389 46.9384 -0.457051 0.889345 -0.0130421 61.894 -0.00472156 0.0122371 0.999914 0.977588
0.883972 0.467527 -0.00332678 48.5618 -0.467509 0.883812 -0.0176289 60.9808 -0.00530173 0.0171387 0.999839 0.961295
0.881821 0.47153 -0.00713158 50.3047 -0.471541 0.881437 -0.0267935 59.9655 -0.00634791 0.02699 0.999616 0.940967
0.884037 0.467319 -0.00953923 51.5464 -0.467379 0.883523 -0.03073 59.2566 -0.0059326 0.0316249 0.999482 0.926949
0.88752 0.460681 -0.00907652 52.8574 -0.46071 0.886911 -0.0336883 58.5293 -0.00746949 0.0340807 0.999391 0.918233
0.891152 0.45368 -0.00465068 54.2367 -0.453572 0.8906 -0.0332324 57.7963 -0.010935 0.0317246 0.999437 0.911943
0.894754 0.446551 -0.0026992 55.6576 -0.44642 0.894306 -0.0304281 57.0613 -0.0111738 0.0284306 0.999533 0.902855
0.896887 0.4422 -0.0073302 57.1029 -0.442255 0.896671 -0.0197674 56.3342 -0.00216837 0.020971 0.999778 0.900956
0.896771 0.442427 -0.0077292 58.5633 -0.442494 0.896664 -0.0138651 55.5949 0.000796215 0.0158539 0.999874 0.907709
0.896665 0.442693 -0.00372975 60.0266 -0.442701 0.896569 -0.013429 54.8501 -0.00260096 0.0136925 0.999903 0.927672
0.8966 0.442841 -0.000802179 61.4845 -0.442823 0.896545 -0.0106759 54.1015 -0.00400853 0.00992723 0.999943 0.94977
0.896104 0.443845 0.000117462 62.9366 -0.443839 0.896093 -0.00494368 53.3623 -0.00229949 0.00437792 0.999988 0.966926
0.893168 0.449705 0.00407367 64.385 -0.449707 0.893176 -0.000547683 52.6197 -0.0038848 -0.00134278 0.999992 0.985075
0.888063 0.459598 0.0106591 65.826 -0.459634 0.888108 0.00111529 51.861 -0.00895388 -0.00588975 0.999943 1.00458
0.880521 0.473882 0.0108824 67.2388 -0.473936 0.880555 0.0028671 51.0817 -0.00822384 -0.00768208 0.999937 1.0171
0.87068 0.491739 0.010435 68.623 -0.491781 0.870717 0.00175286 50.2745 -0.00822397 -0.00665791 0.999944 1.0278
0.859634 0.510755 0.0125957 69.9785 -0.510804 0.859697 0.000765655 49.4481 -0.0104374 -0.00709211 0.99992 1.03683
0.84805 0.529776 0.0121735 71.2992 -0.529824 0.848107 0.000893767 48.5997 -0.00985092 -0.00720776 0.999925 1.04282
0.836642 0.547649 0.0105071 72.5843 -0.547695 0.836676 0.00194065 47.7363 -0.00772822 -0.00737831 0.999943 1.04819
0.825912 0.563726 0.0090735 73.8254 -0.563761 0.825937 0.0015821 46.8607 -0.00660227 -0.00642196 0.999958 1.05693
0.81544 0.578779 0.00848566 75.0267 -0.578801 0.815469 8.59599e-05 45.9793 -0.00687004 -0.0049816 0.999964 1.06621
0.807808 0.589382 0.00867291 76.1868 -0.58936 0.807854 -0.00509857 45.095 -0.0100114 -0.000992801 0.999949 1.07884
0.802451 0.596649 0.00906671 77.8621 -0.596545 0.802492 -0.0118776 43.7974 -0.0143627 0.00412247 0.999888 1.08575
0.803792 0.594883 0.00574245 79.4305 -0.594787 0.803784 -0.0126595 42.5819 -0.0121466 0.0067601 0.999903 1.08871
0.817271 0.576232 0.00489457 80.8935 -0.576163 0.817265 -0.0106769 41.5019 -0.0101526 0.00590589 0.999931 1.09707
0.845233 0.534392 0.00236268 82.2676 -0.534368 0.845225 -0.00666431 40.5955 -0.00555835 0.00437036 0.999975 1.11415
0.887029 0.461714 -0.000495812 83.6503 -0.461715 0.887028 -0.00108784 39.8375 -6.24729e-05 0.00119387 0.999999 1.13631
0.937074 0.349002 0.00952013 85.0853 -0.348992 0.937122 -0.00276528 39.2536 -0.00988661 -0.000731177 0.999951 1.16084
0.990183 0.139008 0.0146313 87.0371 -0.139004 0.990291 -0.00132917 38.8512 -0.014674 -0.000717682 0.999892 1.18514
0.991856 -0.127315 -0.00353001 88.9095 0.127305 0.991859 -0.00292385 38.9679 0.00387352 0.00245065 0.99999 1.19909
0.921687 -0.3879 0.0052686 90.6594 0.387923 0.921681 -0.00446139 39.593 -0.00312539 0.00615581 0.999976 1.23311
0.806082 -0.591504 0.0188457 92.208 0.591439 0.806295 0.00942448 40.6733 -0.0207698 0.0035492 0.999778 1.25889
0.733915 -0.679172 0.00974195 93.2562 0.678953 0.733946 0.0185945 41.6846 -0.0197789 -0.00703245 0.99978 1.23641
0.69637 -0.717566 0.012937 94.3006 0.717434 0.69649 0.013806 42.7515 -0.0189172 -0.000332619 0.999821 1.22123
0.682447 -0.730926 -0.00361035 95.3613 0.730802 0.68222 0.0224837 43.9224 -0.0139709 -0.0179824 0.999741 1.19799
0.686464 -0.727103 -0.00938817 96.5097 0.72716 0.686364 0.01191 45.1295 -0.00221612 -0.0150025 0.999885 1.19437
0.696815 -0.717082 -0.0155479 97.7382 0.717249 0.696608 0.0170418 46.4202 -0.00138954 -0.0230267 0.999734 1.19805
0.705561 -0.708649 -0.00018847 99.0889 0.708453 0.705359 0.0237199 47.7618 -0.0166762 -0.0168694 0.999719 1.20708
0.708178 -0.706029 0.00256894 100.506 0.705971 0.708158 0.0108213 49.1465 -0.00945941 -0.00584984 0.999938 1.19467
0.704315 -0.709869 -0.00505805 101.976 0.709887 0.70429 0.00596045 50.6225 -0.000668811 -0.00778868 0.999969 1.1886
0.701173 -0.71297 0.00553636 103.012 0.712838 0.701162 0.0152713 51.665 -0.0147699 -0.00676132 0.999868 1.19947
0.698437 -0.715663 -0.00355265 104.047 0.715603 0.698292 0.017337 52.742 -0.00992669 -0.0146511 0.999843 1.19577
0.692861 -0.721018 -0.00872216 105.113 0.72107 0.692791 0.00991408 53.8435 -0.0011056 -0.0131584 0.999913 1.18897
0.687464 -0.726214 -0.00261907 106.215 0.726208 0.68743 0.0079381 54.9862 -0.00396433 -0.00735914 0.999965 1.19634
0.684879 -0.728648 0.00373273 107.346 0.728595 0.684878 0.00951302 56.1764 -0.00948811 -0.00379561 0.999948 1.20146
0.683894 -0.72953 0.00862039 108.496 0.72948 0.683948 0.00856963 57.39 -0.0121477 0.000427686 0.999926 1.20109
0.684698 -0.728824 -0.00182606 109.639 0.72879 0.684637 0.0116759 58.6268 -0.00725946 -0.00932525 0.99993 1.20101
0.687103 -0.726438 -0.0133172 110.794 0.726532 0.6868 0.0213873 59.8821 -0.00639032 -0.0243706 0.999683 1.20264
0.691292 -0.722424 -0.0147982 111.977 0.722525 0.690855 0.0260375 61.1355 -0.0085867 -0.0286916 0.999551 1.21087
0.693528 -0.72035 -0.0106609 113.186 0.720402 0.693297 0.0189984 62.3923 -0.00629433 -0.0208561 0.999763 1.19985
0.694905 -0.719087 -0.00456677 114.403 0.719075 0.694812 0.0129308 63.6452 -0.00612531 -0.0122695 0.999906 1.19531
0.696309 -0.717729 -0.00431309 115.608 0.717623 0.696072 0.0223875 64.9141 -0.0130659 -0.0186838 0.99974 1.18902
0.697919 -0.716149 -0.00639375 116.806 0.716053 0.697604 0.0248192 66.1463 -0.013314 -0.0219001 0.999672 1.19664
0.69799 -0.715968 -0.0141238 118.003 0.71602 0.698077 -0.00181559 67.3185 0.0111594 -0.00884568 0.999899 1.21363
0.696416 -0.717614 0.0058805 119.22 0.717457 0.696401 0.016788 68.5408 -0.0161425 -0.00747242 0.999842 1.24049
0.694823 -0.719057 0.0133444 120.414 0.718586 0.694884 0.0277578 69.7477 -0.0292322 -0.00969763 0.999526 1.24613
0.693442 -0.720485 -0.00626794 121.572 0.720499 0.69335 0.0121499 70.9139 -0.00440793 -0.0129413 0.999907 1.21093
0.690135 -0.723677 -0.00226695 122.739 0.723654 0.690079 0.0107228 72.0984 -0.00619546 -0.00904065 0.99994 1.21174
0.68406 -0.729413 -0.0043834 123.873 0.729423 0.684026 0.00715087 73.284 -0.00221758 -0.00808898 0.999965 1.18577
0.68005 -0.733051 -0.0129808 124.983 0.733165 0.679909 0.0139196 74.4848 -0.00137798 -0.0189831 0.999819 1.17473
0.677612 -0.735358 -0.00947762 126.104 0.735371 0.677363 0.020222 75.683 -0.00845059 -0.0206722 0.999751 1.17293
0.674779 -0.737967 -0.0087657 127.213 0.737999 0.674625 0.0154428 76.8706 -0.0054827 -0.0168895 0.999842 1.16967
0.66664 -0.745359 -0.00556148 128.307 0.74538 0.666615 0.00574431 78.0566 -0.000574209 -0.0079748 0.999968 1.16282
0.656858 -0.754005 0.00365328 129.385 0.75389 0.65683 0.0149625 79.2865 -0.0136814 -0.00707409 0.999881 1.1701
0.650338 -0.759597 0.00849391 130.433 0.759184 0.650292 0.027575 80.5345 -0.0264695 -0.0114847 0.999584 1.15766
0.641802 -0.766867 -0.00232575 131.454 0.766783 0.64168 0.0170475 81.7657 -0.0115808 -0.0127245 0.999852 1.13589
0.631631 -0.775265 -0.00238205 132.482 0.775252 0.631594 0.00853822 83.0175 -0.00511489 -0.0072397 0.999961 1.11963
0.619425 -0.784982 -0.0107686 133.486 0.785014 0.619193 0.0187637 84.315 -0.00806135 -0.0200762 0.999766 1.12301
0.604769 -0.796231 -0.0164353 134.48 0.796401 0.604651 0.0119505 85.6035 0.000422266 -0.0203164 0.999794 1.11149
0.591972 -0.805822 -0.0148115 135.456 0.80592 0.591666 0.0205886 86.9362 -0.00782725 -0.0241247 0.999678 1.10393
0.579275 -0.815044 -0.0119648 136.407 0.814943 0.578762 0.0300314 88.2926 -0.0175522 -0.0271471 0.999477 1.09952
0.570413 -0.82128 -0.0113484 137.344 0.82116 0.569917 0.029825 89.6478 -0.018027 -0.0263314 0.999491 1.08878
0.5638 -0.82548 -0.026702 138.247 0.825887 0.563242 0.025871 91.0115 -0.00631631 -0.0366389 0.999309 1.07845
0.55894 -0.828737 -0.027945 139.155 0.829165 0.558246 0.0291214 92.3951 -0.00853377 -0.0394481 0.999185 1.06204
0.554379 -0.831986 -0.021538 140.068 0.831852 0.553104 0.0457986 93.8024 -0.026191 -0.0433062 0.998719 1.04483
0.546113 -0.837544 -0.0167311 140.971 0.837561 0.545528 0.0298439 95.1705 -0.0158683 -0.0303114 0.999415 1.01637
0.534517 -0.844957 -0.0184232 141.85 0.845099 0.534094 0.0234955 96.5602 -0.010013 -0.0281281 0.999554 0.981706
0.521929 -0.852946 -0.00859364 142.728 0.85276 0.521529 0.028426 97.9822 -0.019764 -0.0221647 0.999559 0.960808
0.51174 -0.859131 0.00403089 143.603 0.858834 0.511677 0.0243098 99.42 -0.0229478 -0.00897842 0.999696 0.932143
0.500526 -0.865702 0.00573945 144.448 0.86569 0.500554 0.0052588 100.854 -0.00742546 0.00233641 0.99997 0.904202
0.488948 -0.872196 0.0143234 145.289 0.872282 0.489004 0.000489937 102.312 -0.00743152 0.0122545 0.999897 0.887433
0.479777 -0.877323 0.0109338 146.09 0.876904 0.479888 0.0273332 103.832 -0.0292271 -0.00352594 0.999567 0.878049
0.474836 -0.880064 0.00415049 146.877 0.879907 0.474833 0.0172775 105.319 -0.0171761 -0.00455196 0.999842 0.846835
0.470778 -0.882171 -0.0119553 147.648 0.882245 0.470676 0.0104341 106.819 -0.00357755 -0.0154597 0.999874 0.826887
0.46793 -0.883765 -0.000426437 148.458 0.883621 0.467845 0.0183311 108.336 -0.0160008 -0.00895446 0.999832 0.82185
0.466708 -0.88441 0.001432 149.253 0.884161 0.466614 0.0230248 109.863 -0.0210315 -0.00947974 0.999734 0.818202
0.46319 -0.886257 0.0016607 150.049 0.886257 0.463192 0.00141763 111.358 -0.00202561 0.000815173 0.999998 0.809798
0.460148 -0.887785 0.0100835 150.852 0.887842 0.460131 -0.00409455 112.869 -0.00100464 0.0108366 0.999941 0.815005
0.457335 -0.88923 0.0106718 151.627 0.889148 0.457445 0.0126955 114.4 -0.016171 0.00368274 0.999862 0.830716
0.456528 -0.889679 0.00734032 152.398 0.889689 0.456557 0.00293701 115.888 -0.00596427 0.00518978 0.999969 0.825567
0.45591 -0.890026 -0.000249172 153.151 0.889986 0.455887 0.0095805 117.394 -0.0084133 -0.00458961 0.999954 0.828209
0.454811 -0.890582 -0.00324869 153.906 0.890472 0.454689 0.0178245 118.892 -0.014397 -0.0109996 0.999836 0.830417
0.453837 -0.891061 -0.00641902 154.646 0.891002 0.453686 0.0168648 120.378 -0.0121154 -0.0133732 0.999837 0.826601
0.451892 -0.891984 -0.0125562 155.369 0.892058 0.451758 0.0121378 121.838 -0.00515431 -0.0166858 0.999847 0.815467
0.457095 -0.88932 -0.0131986 156.014 0.88941 0.456975 0.0111262 123.103 -0.00386334 -0.0168246 0.999851 0.802828
0.465131 -0.885129 -0.0141184 156.98 0.88524 0.465036 0.00959657 124.993 -0.00192865 -0.0169618 0.999854 0.783879
0.473128 -0.880865 -0.015067 157.947 0.880993 0.473059 0.00808447 126.883 6.27618e-06 -0.0170989 0.999854 0.764925
0.481086 -0.876527 -0.0160441 158.913 0.876671 0.481044 0.00659044 128.773 0.00194125 -0.017236 0.99985 0.745965
0.489 -0.872117 -0.0170492 159.878 0.872275 0.488988 0.00511523 130.663 0.0038758 -0.017373 0.999842 0.727007
0.500284 -0.865689 -0.0172896 160.838 0.865849 0.500285 0.00462128 132.498 0.00464912 -0.0172821 0.99984 0.713542
0.515425 -0.856924 0.00432137 161.836 0.856885 0.515443 0.0081921 134.154 -0.00924742 -0.000519501 0.999957 0.730463
0.519518 -0.854455 0.00267795 162.825 0.854371 0.519507 0.0127801 135.797 -0.0123112 -0.00435151 0.999915 0.724707
0.518661 -0.854967 -0.00474924 163.814 0.85486 0.518487 0.0196465 137.488 -0.0143346 -0.0142498 0.999796 0.707041
0.513394 -0.858026 -0.0147766 164.808 0.858106 0.513471 -0.00165826 139.181 0.0090102 -0.0118286 0.999889 0.690737
0.502771 -0.864412 -0.00350141 165.82 0.864138 0.5025 0.0275499 140.968 -0.022055 -0.016877 0.999614 0.693303
0.494369 -0.869247 0.00285945 166.831 0.868841 0.494234 0.0291232 142.749 -0.0267285 -0.0119132 0.999572 0.667171
0.487905 -0.872815 0.0119563 167.876 0.872767 0.488023 0.0105799 144.441 -0.0150692 0.00527312 0.999873 0.679517
0.484847 -0.874227 0.0255255 168.583 0.874283 0.485249 0.0127091 145.612 -0.0234969 0.0161546 0.999593 0.695841
0.482197 -0.87536 0.0350832 169.625 0.875955 0.48238 -0.00363236 147.368 -0.0137438 0.0324828 0.999378 0.71943
0.480512 -0.87597 0.0422386 170.312 0.876742 0.48096 0.000508539 148.561 -0.0207606 0.036788 0.999107 0.728574
0.479536 -0.87643 0.0437582 171.322 0.877387 0.479741 -0.00637946 150.332 -0.0154014 0.041452 0.999022 0.732947
0.480078 -0.876568 0.0339564 172.287 0.877226 0.479722 -0.0184972 152.069 -7.55899e-05 0.0386675 0.999252 0.740145
0.478478 -0.876823 0.0473222 173.233 0.877889 0.478849 -0.00388655 153.752 -0.0192524 0.0434032 0.998872 0.761824
0.471443 -0.880091 0.0564052 174.102 0.881526 0.472135 -0.00119875 155.306 -0.0255758 0.0502877 0.998407 0.753251
0.443445 -0.894325 0.0594947 174.851 0.896186 0.443477 -0.0133971 156.724 -0.0144032 0.0592592 0.998139 0.728122
0.358758 -0.931201 0.064476 175.652 0.933341 0.358823 -0.0109703 158.598 -0.0129199 0.0641138 0.997859 0.693598
0.21335 -0.975516 0.0533806 176.136 0.976967 0.212793 -0.0159681 160.465 0.00421808 0.0555578 0.998447 0.684389
-0.0435327 -0.999052 0.000146255 176.113 0.998982 -0.0435314 -0.0118618 162.716 0.0118569 -0.00037027 0.99993 0.707483
-0.269059 -0.962693 -0.028815 175.667 0.96293 -0.269485 0.0120094 164.379 -0.0193265 -0.0245156 0.999513 0.704728
-0.475851 -0.878577 -0.0408379 174.902 0.878779 -0.476847 0.0190681 165.841 -0.0362263 -0.0268139 0.998984 0.668309
-0.662158 -0.749115 -0.0193228 173.853 0.749107 -0.662386 0.00914668 167.125 -0.0196511 -0.00841828 0.999771 0.589149
-0.761901 -0.647359 -0.0207961 172.802 0.647383 -0.762137 0.0064647 168.018 -0.0200345 -0.00853761 0.999763 0.551055
-0.8265 -0.562636 -0.0184011 171.58 0.562727 -0.826643 0.000336379 168.848 -0.0154004 -0.0100768 0.999831 0.510843
-0.862623 -0.505577 -0.0165354 170.217 0.505744 -0.862647 -0.00793505 169.64 -0.0102524 -0.0152076 0.999832 0.475026
-0.878536 -0.47742 -0.0156189 168.718 0.477635 -0.87842 -0.0155917 170.438 -0.00627616 -0.0211579 0.999756 0.445719
-0.88192 -0.471136 -0.0157494 167.086 0.471354 -0.881808 -0.0154906 171.303 -0.00658974 -0.021085 0.999756 0.419606
-0.881565 -0.471863 -0.0137172 165.3 0.47203 -0.881472 -0.0139658 172.237 -0.00550133 -0.0187867 0.999808 0.387918
-0.8819 -0.471363 -0.00827967 164.019 0.471435 -0.881803 -0.0131273 172.816 -0.00111329 -0.0154803 0.99988 0.335495
-0.881753 -0.471646 -0.00785599 162.658 0.471711 -0.881632 -0.0145938 173.452 -4.29908e-05 -0.0165739 0.999863 0.294038
-0.881043 -0.472987 -0.00682701 161.236 0.473035 -0.880978 -0.0107437 174.159 -0.000932838 -0.012695 0.999919 0.270441
-0.880148 -0.474676 -0.00480325 159.767 0.4747 -0.88012 -0.00702411 174.907 -0.00089326 -0.00846236 0.999964 0.267669
-0.879673 -0.475493 -0.00902174 158.245 0.475526 -0.8797 -0.00184933 175.695 -0.00705708 -0.00591688 0.999958 0.261357
-0.879316 -0.476048 -0.0135028 156.702 0.476055 -0.879411 0.00286212 176.499 -0.013237 -0.00391136 0.999905 0.251542
-0.880534 -0.473928 -0.00719949 155.168 0.473942 -0.880556 -0.000262811 177.294 -0.006215 -0.00364355 0.999974 0.239432
-0.882873 -0.469558 -0.00707624 153.622 0.469529 -0.8829 0.00543392 178.101 -0.00879916 0.00147496 0.99996 0.231538
-0.885825 -0.46377 -0.0152042 152.066 0.463599 -0.885942 0.0135291 178.901 -0.0197444 0.00493583 0.999793 0.221322
-0.887795 -0.460082 -0.0119912 150.532 0.459892 -0.887837 0.0156571 179.75 -0.0178498 0.00838567 0.999806 0.170611
-0.889692 -0.456468 -0.00924673 148.995 0.456377 -0.889726 0.0103697 180.566 -0.0129605 0.00500588 0.999904 0.130539
-0.890878 -0.454137 -0.00975475 147.433 0.454096 -0.890931 0.00624146 181.376 -0.0115253 0.00113079 0.999933 0.0880777
-0.891355 -0.453242 -0.00762703 145.868 0.453271 -0.89137 -0.00245953 182.176 -0.00568374 -0.00564942 0.999968 0.0626278
-0.890226 -0.45545 -0.00794449 144.317 0.455496 -0.890222 -0.00528669 182.974 -0.00466454 -0.00832502 0.999954 0.0569978
-0.888418 -0.458966 -0.00793602 142.788 0.458999 -0.888433 -0.00277017 183.794 -0.0057792 -0.00610369 0.999965 0.0591406
-0.886665 -0.462352 -0.00744551 141.28 0.462329 -0.886696 0.00464694 184.612 -0.00875043 0.000678009 0.999961 0.0556918
-0.884964 -0.465648 -0.00333796 139.789 0.465604 -0.884946 0.00912257 185.42 -0.00720182 0.00651897 0.999953 0.0435279
-0.883791 -0.467882 -0.000616739 138.309 0.467845 -0.883736 0.0114547 186.216 -0.00590447 0.00983499 0.999934 0.052581
-0.88403 -0.467362 -0.00795352 136.839 0.467203 -0.884004 0.016106 187.008 -0.0145583 0.0105223 0.999839 0.068226
-0.885846 -0.463853 -0.0108841 135.378 0.463698 -0.885881 0.0140836 187.777 -0.0161748 0.00742899 0.999842 0.0851943
-0.888837 -0.458186 -0.00588371 133.938 0.458124 -0.888838 0.00943703 188.529 -0.00955358 0.00569251 0.999938 0.102741
-0.893128 -0.449775 -0.00492642 132.495 0.449745 -0.893136 0.00614373 189.264 -0.00716326 0.00327151 0.999969 0.117363
-0.89733 -0.441282 -0.00833681 131.053 0.441272 -0.897368 0.00309021 189.976 -0.00884484 -0.000905867 0.99996 0.123272
-0.900916 -0.433713 -0.0155662 129.615 0.433781 -0.901017 -0.00112754 190.651 -0.0135364 -0.00776815 0.999878 0.135539
-0.90313 -0.428968 -0.0185015 128.192 0.429178 -0.903173 -0.00921602 191.301 -0.0127567 -0.0162637 0.999786 0.150168
-0.904064 -0.426815 -0.0222961 126.804 0.427211 -0.903979 -0.0176815 191.93 -0.0126085 -0.0255103 0.999595 0.162934
-0.904451 -0.425829 -0.0252865 125.458 0.426362 -0.904291 -0.0217595 192.546 -0.0136006 -0.0304616 0.999443 0.189647
-0.903545 -0.427476 -0.0295005 123.547 0.428236 -0.903244 -0.027651 193.427 -0.014826 -0.0376171 0.999182 0.217862
-0.900007 -0.434697 -0.032043 121.764 0.435595 -0.899634 -0.030255 194.272 -0.0156752 -0.0411874 0.999028 0.240426
-0.896294 -0.442587 -0.0278299 120.112 0.443279 -0.895958 -0.0276349 195.086 -0.0127036 -0.0371054 0.999231 0.248942
-0.891212 -0.45257 -0.0303476 118.584 0.45336 -0.890887 -0.0280321 195.84 -0.0143497 -0.0387409 0.999146 0.257798
-0.88515 -0.464332 -0.0300756 117.215 0.465071 -0.884907 -0.0254906 196.556 -0.0147779 -0.0365503 0.999223 0.273323
-0.876351 -0.480513 -0.0334286 115.606 0.4813 -0.876293 -0.0214636 197.426 -0.0189797 -0.0348988 0.999211 0.283682
-0.865375 -0.500213 -0.0302166 114.266 0.500799 -0.865413 -0.0161527 198.21 -0.01807 -0.0291106 0.999413 0.295272
-0.852861 -0.521382 -0.0280894 112.984 0.521868 -0.852915 -0.0137609 199.007 -0.0167832 -0.0263951 0.999511 0.31174
-0.844611 -0.535368 -0.00353572 111.78 0.535306 -0.844367 -0.0221895 199.868 0.0088941 -0.0206342 0.999748 0.35308
-0.80502 -0.593244 0.00219875 110.645 0.592959 -0.804738 -0.0282263 200.679 0.0185145 -0.021419 0.999599 0.363475
-0.703384 -0.710808 -0.00157901 109.508 0.710755 -0.7033 -0.0140187 201.788 0.00885409 -0.0109828 0.9999 0.378076
-0.529829 -0.847992 -0.0138023 108.604 0.848063 -0.529895 0.00131725 203.121 -0.00843077 -0.0110073 0.999904 0.386169
-0.266058 -0.963952 -0.00320169 108.037 0.963947 -0.266069 0.00364677 204.834 -0.00436718 -0.00211601 0.999988 0.374532
0.0504799 -0.998714 0.00467658 108.022 0.998713 0.0505018 0.00467974 206.939 -0.00490989 0.00443433 0.999978 0.358687
0.260573 -0.965414 0.00877227 108.489 0.965454 0.260559 -0.0027481 208.855 0.000367356 0.00918531 0.999958 0.350017
0.369776 -0.929052 0.0113386 109.107 0.929109 0.369805 0.000461552 210.424 -0.00462187 0.0103641 0.999936 0.35686
0.431059 -0.902127 0.0188275 109.922 0.902294 0.43112 -0.000897176 212.08 -0.00730754 0.0173747 0.999822 0.353305
0.459306 -0.888058 0.0197701 110.852 0.888252 0.45935 -0.00249564 213.849 -0.00686512 0.0187071 0.999801 0.342338
0.47175 -0.881487 0.020807 111.879 0.881715 0.471756 -0.0049235 215.724 -0.00547585 0.0206685 0.999771 0.333241
0.474581 -0.879934 0.0221163 112.604 0.88017 0.474654 -0.00213675 217.047 -0.0086174 0.0204802 0.999753 0.326461
0.474788 -0.879747 0.0249332 113.365 0.880014 0.474947 0.000508494 218.429 -0.0122893 0.0217001 0.999689 0.309615
0.471911 -0.881305 0.0245158 114.151 0.881613 0.471952 -0.00446294 219.857 -0.00763705 0.0237195 0.999689 0.281076
0.470599 -0.882195 0.0163944 114.954 0.882344 0.470466 -0.0114425 221.332 0.0023815 0.0198504 0.9998 0.257001
0.470532 -0.882218 0.0170827 115.787 0.882377 0.470514 -0.00529489 222.867 -0.00336638 0.0175648 0.99984 0.246026
0.470648 -0.881915 0.0267536 116.649 0.882114 0.470978 0.00739866 224.449 -0.0191254 0.0201176 0.999615 0.23374
0.469408 -0.882506 0.028987 117.53 0.882915 0.469523 -0.00311212 226.053 -0.0108636 0.0270539 0.999575 0.20265
0.467529 -0.883618 0.0252047 118.425 0.883976 0.467283 -0.0152755 227.699 0.00171995 0.0294221 0.999566 0.180267
0.466187 -0.884387 0.0230096 119.338 0.884685 0.46599 -0.013597 229.408 0.00130273 0.0266949 0.999643 0.181588
0.465965 -0.884385 0.0271831 120.276 0.88472 0.466122 -0.000638478 231.166 -0.012106 0.0243469 0.99963 0.180351
0.467069 -0.883702 0.0302945 121.246 0.884098 0.467301 0.000628198 232.935 -0.0147118 0.0264899 0.999541 0.164396
0.46722 -0.883683 0.0284524 122.224 0.884119 0.467193 -0.0079988 234.718 -0.00622433 0.0288925 0.999563 0.147662
0.46633 -0.884127 0.0292493 123.214 0.884598 0.466247 -0.00999609 236.534 -0.00479959 0.0305353 0.999522 0.143369
0.463529 -0.885436 0.0338053 124.218 0.886012 0.463634 -0.00513625 238.382 -0.0111255 0.0323327 0.999415 0.135222
0.460533 -0.886994 0.033937 125.216 0.887633 0.460373 -0.0128502 240.231 -0.00422562 0.0360415 0.999341 0.122375
0.458285 -0.888292 0.0302068 126.213 0.888803 0.457944 -0.0177795 242.092 0.00196033 0.034996 0.999386 0.130119
0.455683 -0.88963 0.0301806 127.211 0.890135 0.455551 -0.0115109 243.975 -0.00350834 0.0321101 0.999478 0.140592
0.453183 -0.890875 0.0311115 128.205 0.891339 0.453329 -0.00257761 245.859 -0.0118074 0.0288991 0.999513 0.144281
0.452474 -0.891307 0.0289749 129.187 0.891696 0.452634 -0.00113267 247.722 -0.0121055 0.0263493 0.999579 0.133868
0.452978 -0.891118 0.0268205 130.159 0.891495 0.452991 -0.00594587 249.568 -0.00685097 0.0266037 0.999623 0.125733
0.452841 -0.891236 0.0251599 131.129 0.891591 0.452696 -0.0115135 251.404 -0.00112856 0.0276461 0.999617 0.127439
0.453648 -0.890838 0.0247417 132.089 0.891163 0.45364 -0.00622457 253.238 -0.00567875 0.0248726 0.999674 0.140875
0.454389 -0.89051 0.0228459 133.036 0.890763 0.454464 -0.0021297 255.063 -0.00848613 0.021318 0.999737 0.150206
0.455363 -0.89 0.0233519 133.979 0.890146 0.455622 0.00700753 256.893 -0.0168763 0.0175956 0.999703 0.142146
0.456398 -0.889623 0.0164622 134.92 0.889682 0.45654 0.00605788 258.714 -0.0129049 0.0118813 0.999846 0.118736
0.457365 -0.889237 0.00868895 135.859 0.889263 0.457394 0.00159577 260.529 -0.00539329 0.00699691 0.999961 0.101232
0.458257 -0.888816 0.00249706 136.799 0.888815 0.458262 0.00197577 262.347 -0.0029004 0.00131401 0.999995 0.0986231
0.458121 -0.888884 0.00315083 137.75 0.888867 0.458132 0.00554635 264.168 -0.00637356 0.000259772 0.99998 0.0998154
0.457393 -0.889248 0.0054202 138.725 0.889219 0.457422 0.00734647 265.986 -0.00901216 0.00145952 0.999958 0.0956005
0.458241 -0.888816 0.00473584 139.701 0.888786 0.458264 0.00730331 267.816 -0.00866156 0.000862468 0.999962 0.0859049
0.459574 -0.888124 0.00532193 140.688 0.888099 0.459602 0.00682182 269.662 -0.00850459 0.00159127 0.999963 0.0768958
0.460496 -0.887648 0.00488381 141.68 0.887609 0.460522 0.00832303 271.53 -0.00963703 0.000502193 0.999953 0.0737623
0.461412 -0.887183 0.00216944 142.676 0.887176 0.461417 0.0036428 273.409 -0.00423285 0.00024384 0.999991 0.0718096
0.461401 -0.887186 0.00314784 143.679 0.887185 0.461409 0.00226964 275.315 -0.00346603 0.0017455 0.999992 0.0794314
0.461909 -0.886908 0.00585589 144.682 0.886854 0.461946 0.00983695 277.239 -0.0114296 0.000649539 0.999934 0.0963349
0.462604 -0.886526 0.00824882 145.682 0.886431 0.462676 0.0130784 279.162 -0.0154109 0.0012619 0.99988 0.101721
0.462647 -0.886466 0.0116945 146.682 0.886429 0.462758 0.00988337 281.068 -0.014173 0.00579381 0.999883 0.102843
0.46232 -0.886625 0.0124985 147.679 0.886661 0.4624 0.00427769 282.963 -0.00957202 0.00910431 0.999913 0.105546
0.461959 -0.886723 0.017791 148.673 0.886795 0.462121 0.00620934 284.861 -0.0137276 0.0129085 0.999822 0.109881
0.461429 -0.88682 0.0251537 149.653 0.886967 0.461751 0.00866389 286.765 -0.019298 0.0183127 0.999646 0.112448
0.46117 -0.886899 0.027068 150.624 0.887231 0.461326 -0.000532527 288.64 -0.0120149 0.0242612 0.999633 0.107122
0.460439 -0.887217 0.0290337 151.589 0.88762 0.460571 -0.00235667 290.493 -0.0112812 0.026856 0.999576 0.112611
0.458493 -0.888015 0.0348438 152.536 0.88855 0.45878 0.000270503 292.314 -0.0162258 0.0308364 0.999393 0.122632
0.456576 -0.88877 0.0403215 153.467 0.889447 0.457032 0.00239602 294.101 -0.0205577 0.0347699 0.999184 0.121709
0.45478 -0.889611 0.0420368 154.381 0.890427 0.455123 -0.00158293 295.858 -0.0177237 0.0381506 0.999115 0.116108
0.453086 -0.890579 0.0397707 155.263 0.891334 0.453338 -0.00293218 297.587 -0.0154183 0.0367775 0.999205 0.110268
0.451808 -0.891246 0.039374 156.122 0.891965 0.452102 -0.00158739 299.277 -0.0163863 0.0358374 0.999223 0.109226
0.451036 -0.891778 0.0360273 156.951 0.892355 0.451334 0.000135891 300.929 -0.0163815 0.0320879 0.999351 0.109899
0.45158 -0.891575 0.0342038 157.756 0.892132 0.451769 -0.00242336 302.52 -0.0132916 0.0316087 0.999412 0.101059
0.454048 -0.890342 0.0336472 158.538 0.89086 0.454276 -0.000953774 304.058 -0.0144359 0.030408 0.999433 0.100796
0.456843 -0.888746 0.0377345 159.3 0.889396 0.457136 -0.000973295 305.519 -0.0163848 0.0340056 0.999287 0.107298
0.459667 -0.887111 0.0417116 160.037 0.887882 0.460071 0.000110338 306.9 -0.0192882 0.0369843 0.99913 0.124425
0.462227 -0.885723 0.0429183 160.73 0.886472 0.462771 0.00317594 308.198 -0.0226744 0.0365779 0.999074 0.132551
0.466024 -0.883899 0.0393079 161.681 0.884649 0.46624 -0.00403598 309.976 -0.0147595 0.0366545 0.999219 0.147141
0.468467 -0.882632 0.0387192 162.542 0.883361 0.468675 -0.00407554 311.584 -0.0145495 0.0361123 0.999242 0.157444
0.463349 -0.885317 0.0390008 163.307 0.886002 0.463681 -0.000603657 313.013 -0.0175495 0.0348345 0.999239 0.182887
0.427664 -0.903334 0.0330235 164.124 0.903906 0.42767 -0.00723414 314.7 -0.00758832 0.0329439 0.999428 0.20904
0.340244 -0.939892 0.0289436 164.736 0.940279 0.340404 0.00062487 316.353 -0.0104398 0.0270025 0.999581 0.246697
0.184107 -0.982569 0.0257416 165.085 0.982826 0.184364 0.00794782 318.032 -0.0125551 0.0238363 0.999637 0.292059
-0.0729035 -0.997274 0.0114076 165.049 0.997043 -0.0725982 0.0252044 320.141 -0.0243075 0.0132113 0.999617 0.323367
-0.30952 -0.950733 0.0174434 164.599 0.950281 -0.30861 0.0415457 321.919 -0.0341156 0.0294354 0.998984 0.306883
-0.488789 -0.871855 0.0308994 163.954 0.872018 -0.487215 0.0469685 323.221 -0.0258951 0.0499025 0.998418 0.275225
-0.656495 -0.753544 0.0344337 163.008 0.754308 -0.655437 0.0377101 324.387 -0.00584712 0.0507301 0.998695 0.278169
-0.790915 -0.611137 0.0310708 161.782 0.611912 -0.78953 0.0469775 325.429 -0.00417835 0.0561678 0.998413 0.287952
-0.870291 -0.492524 0.00373887 160.277 0.492426 -0.869907 0.0279225 326.256 -0.0105 0.0261418 0.999603 0.314683
-0.902676 -0.43011 -0.0134267 158.622 0.429691 -0.902605 0.0258867 327.045 -0.0232532 0.017598 0.999575 0.321622
-0.910733 -0.412948 0.00639504 156.908 0.412979 -0.910727 0.00488652 327.803 0.00380626 0.00709133 0.999968 0.31582
-0.909863 -0.414843 0.00735707 155.085 0.414907 -0.909757 0.0139115 328.649 0.000922073 0.0157101 0.999876 0.345952
-0.908533 -0.417802 0.0029648 153.164 0.417812 -0.908497 0.00813072 329.522 -0.00070352 0.00862575 0.999963 0.373816
-0.905282 -0.424805 0.00216805 151.83 0.424806 -0.905284 -0.000134572 330.128 0.00201987 0.000799175 0.999998 0.390771
-0.90152 -0.432731 -0.00234891 150.446 0.432736 -0.901517 -0.00254177 330.782 -0.00101768 -0.00330792 0.999994 0.410662
-0.898086 -0.439712 -0.00975588 149.005 0.439764 -0.898105 -0.00395924 331.474 -0.00702087 -0.00784602 0.999945 0.427909
-0.895377 -0.445275 -0.00554903 147.523 0.445301 -0.895367 -0.00506081 332.21 -0.00271497 -0.00700232 0.999972 0.426612
-0.892393 -0.45118 -0.00841625 145.981 0.451201 -0.892422 -0.000684127 332.996 -0.00720218 -0.00440793 0.999964 0.421221
-0.889528 -0.456567 -0.0169403 144.399 0.456527 -0.889687 0.00640638 333.816 -0.0179965 -0.00203503 0.999836 0.414773
-0.886898 -0.461608 -0.0181928 142.805 0.461567 -0.887081 0.00664136 334.655 -0.0192042 -0.002507 0.999812 0.40538
-0.885466 -0.464554 -0.0118512 141.196 0.464567 -0.885536 0.00183128 335.504 -0.0113454 -0.00388414 0.999928 0.394143
-0.885324 -0.464844 -0.0109972 139.569 0.464841 -0.885389 0.00294915 336.369 -0.0111077 -0.00250099 0.999935 0.391945
-0.886203 -0.463139 -0.0121295 137.934 0.463111 -0.886285 0.00520464 337.235 -0.0131607 -0.00100493 0.999913 0.393149
-0.887298 -0.460938 -0.0154657 136.302 0.460959 -0.887418 0.0023912 338.087 -0.0148268 -0.00500735 0.999878 0.389624
-0.888164 -0.45923 -0.0165271 134.676 0.45926 -0.888299 0.00213195 338.938 -0.0156601 -0.00569671 0.999861 0.387295
-0.889416 -0.456842 -0.0152943 133.06 0.456909 -0.889513 -0.00101724 339.779 -0.0131398 -0.00789286 0.999883 0.384516
-0.892258 -0.451276 -0.0150252 131.441 0.451333 -0.892356 -0.000461254 340.618 -0.0131997 -0.00719294 0.999887 0.375354
-0.89556 -0.444349 -0.022937 129.813 0.44446 -0.895799 0.000292638 341.437 -0.020677 -0.00993252 0.999737 0.377091
-0.898192 -0.439002 -0.0229914 128.191 0.439271 -0.898318 -0.00811047 342.23 -0.0170931 -0.0173842 0.999703 0.368076
-0.900056 -0.43543 -0.0173405 126.578 0.435617 -0.900088 -0.00887743 343.026 -0.0117425 -0.015544 0.99981 0.366648
-0.900668 -0.434025 -0.0204759 124.964 0.434271 -0.900733 -0.00941033 343.812 -0.014359 -0.0173677 0.999746 0.37261
-0.900038 -0.43539 -0.0191595 123.36 0.435609 -0.90009 -0.00911838 344.606 -0.0132752 -0.0165529 0.999775 0.381166
-0.897208 -0.441194 -0.0191269 121.765 0.441473 -0.897163 -0.0141605 345.392 -0.0109124 -0.0211489 0.999717 0.386835
-0.893079 -0.449264 -0.0239047 120.176 0.449639 -0.893108 -0.0134864 346.194 -0.0152905 -0.022793 0.999623 0.392662
-0.888259 -0.458614 -0.0258646 118.603 0.459019 -0.888339 -0.0124849 347.007 -0.0172508 -0.0229622 0.999587 0.390766
-0.883381 -0.46801 -0.0245862 117.053 0.468362 -0.883469 -0.0109788 347.83 -0.016583 -0.0212137 0.999637 0.388068
-0.878553 -0.477155 -0.0216346 115.518 0.477478 -0.878542 -0.0133664 348.659 -0.0126291 -0.0220731 0.999677 0.390485
-0.873554 -0.486257 -0.0213726 113.997 0.486577 -0.873532 -0.0135909 349.497 -0.0120609 -0.0222718 0.999679 0.399844
-0.868761 -0.494635 -0.0242804 112.488 0.495008 -0.868796 -0.0126319 350.353 -0.0148466 -0.0229932 0.999625 0.404163
-0.86473 -0.501538 -0.0265038 110.998 0.501885 -0.864896 -0.0081781 351.221 -0.0188214 -0.0203737 0.999615 0.40473
-0.862177 -0.506055 -0.0236366 109.555 0.50628 -0.862358 -0.00434633 352.078 -0.0181837 -0.015714 0.999711 0.408123
-0.861109 -0.50811 -0.0177794 108.178 0.508198 -0.86124 -0.000520078 352.902 -0.0150481 -0.00948328 0.999842 0.413411
-0.860979 -0.508456 -0.0136953 106.871 0.508473 -0.861074 0.00251663 353.687 -0.0130723 -0.00479692 0.999903 0.423302
-0.862554 -0.505869 -0.00987706 105.635 0.505836 -0.86261 0.0058485 354.428 -0.0114786 4.84772e-05 0.999934 0.432283
-0.868808 -0.494997 -0.0122604 103.923 0.494849 -0.868878 0.0132761 355.426 -0.0172244 0.00546734 0.999837 0.456244
-0.878325 -0.478025 -0.0060873 102.343 0.477915 -0.878298 0.0137949 356.304 -0.0119408 0.00920722 0.999886 0.470054
-0.888983 -0.457873 -0.00789386 100.768 0.457744 -0.888974 0.0139878 357.131 -0.0134221 0.00882158 0.999871 0.488288
-0.898136 -0.439717 -0.000682511 99.2052 0.4397 -0.898113 0.00755093 357.908 -0.00393324 0.00648166 0.999971 0.502538
-0.905807 -0.423671 0.00413142 97.6311 0.423684 -0.905806 0.00284389 358.661 0.00253739 0.00432643 0.999987 0.524479
-0.911634 -0.410969 0.00523088 96.0006 0.410982 -0.911642 0.00150402 359.41 0.00415058 0.00352091 0.999985 0.548557
-0.915405 -0.402508 0.00454987 94.3037 0.402462 -0.915397 -0.00858334 360.152 0.0076198 -0.00602609 0.999953 0.574821
-0.916387 -0.400264 0.00489713 92.5416 0.400219 -0.916383 -0.00817108 360.934 0.00775824 -0.00552794 0.999955 0.596647
-0.915515 -0.401952 -0.0163531 90.6574 0.402057 -0.915607 -0.00364768 361.754 -0.0135068 -0.00991439 0.99986 0.603449
-0.913261 -0.406104 -0.0321616 89.3366 0.406396 -0.913693 -0.00283869 362.328 -0.028233 -0.0156628 0.999479 0.594523
-0.910567 -0.413097 -0.0147834 88.0025 0.413315 -0.910417 -0.0176315 362.92 -0.00617553 -0.0221649 0.999735 0.575721
-0.907126 -0.420509 -0.0171905 86.5961 0.420776 -0.907005 -0.0170158 363.565 -0.00843661 -0.0226688 0.999707 0.541318
-0.902959 -0.427781 -0.0408524 85.1155 0.428354 -0.903591 -0.00602811 364.264 -0.0343352 -0.0229424 0.999147 0.532345
-0.900491 -0.434552 -0.0167289 83.639 0.434796 -0.900392 -0.015697 364.978 -0.0082414 -0.0214087 0.999737 0.490087
-0.896962 -0.441949 -0.0118883 82.0915 0.442108 -0.89658 -0.0261873 365.724 0.000914645 -0.0287449 0.999586 0.47139
-0.891324 -0.452209 -0.0323692 80.4684 0.453087 -0.891007 -0.0286003 366.513 -0.0159079 -0.0401582 0.999067 0.466542
-0.885033 -0.465386 -0.0114989 78.8545 0.46546 -0.884216 -0.0388508 367.347 0.0079131 -0.0397366 0.999179 0.451745
-0.878456 -0.477821 -0.00135709 77.2031 0.477628 -0.878011 -0.0311171 368.251 0.0136769 -0.0279832 0.999515 0.469585
-0.871852 -0.489407 -0.0188256 75.4929 0.489688 -0.871764 -0.0152718 369.197 -0.00893736 -0.0225334 0.999706 0.490299
-0.867378 -0.49744 -0.014474 73.7868 0.497617 -0.86729 -0.013658 370.154 -0.00575909 -0.0190492 0.999802 0.479993
-0.865995 -0.499947 -0.0102618 72.0724 0.500045 -0.865911 -0.0123766 371.14 -0.00269819 -0.0158494 0.999871 0.48743
-0.866063 -0.499801 -0.0115712 70.3448 0.499903 -0.866037 -0.00873027 372.134 -0.00565767 -0.0133454 0.999895 0.502824
-0.868268 -0.495762 -0.0181971 68.6014 0.495936 -0.868336 -0.00641265 373.121 -0.012622 -0.0145925 0.999814 0.512051
-0.871477 -0.490293 -0.0118786 66.8717 0.49039 -0.871472 -0.00732842 374.107 -0.00675883 -0.0122117 0.999903 0.510859
-0.87481 -0.484459 0.00249646 65.1573 0.484449 -0.874811 -0.00384065 375.091 0.00404457 -0.00215043 0.99999 0.507683
-0.877925 -0.478756 -0.0063663 63.4207 0.478732 -0.877947 0.00491146 376.064 -0.00794066 0.00126415 0.999968 0.514745
-0.880046 -0.474822 -0.00795431 61.6977 0.474836 -0.880075 0.00016734 376.999 -0.00707984 -0.00362972 0.999968 0.519066
-0.882118 -0.471001 -0.00508307 59.9819 0.471029 -0.882075 -0.00871938 377.908 -0.000376804 -0.0100858 0.999949 0.525182
-0.883963 -0.467534 -0.0045375 58.2738 0.467555 -0.883943 -0.00618172 378.83 -0.00112072 -0.00758594 0.999971 0.542379
-0.886429 -0.462684 -0.0129223 56.5615 0.462673 -0.88652 0.00404697 379.75 -0.0133284 -0.00239145 0.999908 0.553685
