0.478682 -0.87775 0.0204598 0.683951 0.877971 0.478687 -0.00496789 0.553054 -0.0054333 0.0203412 0.999778 0.788652
0.476246 -0.879206 0.0136662 1.53632 0.879309 0.476228 -0.00476085 2.19633 -0.00232244 0.0142841 0.999895 0.770765
0.47384 -0.880516 0.012931 2.33298 0.880605 0.473841 -0.00314767 3.75284 -0.00335564 0.0128786 0.999911 0.791892
0.471408 -0.881801 0.0142053 3.20371 0.881903 0.471424 -0.00237053 5.39556 -0.0046064 0.0136452 0.999896 0.808564
0.46909 -0.883008 0.015866 4.06925 0.883144 0.469077 -0.00477466 7.00025 -0.00322632 0.0162517 0.999863 0.825549
0.468163 -0.883513 0.0150744 4.96136 0.883606 0.46823 0.00106821 8.69836 -0.00800208 0.0128198 0.999886 0.805028
0.470075 -0.882417 0.0192138 5.84817 0.882528 0.470236 0.00465653 10.3386 -0.013144 0.0147678 0.999805 0.808073
0.473348 -0.880578 0.0229041 6.73535 0.880792 0.473501 0.00145687 12.0565 -0.012128 0.0194842 0.999737 0.797409
0.475641 -0.879413 0.0199379 7.60784 0.879619 0.475663 -0.00397531 13.6958 -0.00598779 0.0194286 0.999793 0.794727
0.476476 -0.879035 0.0163834 8.56876 0.879138 0.476564 0.00174769 15.4355 -0.00934402 0.0135705 0.999864 0.828308
0.475775 -0.878962 0.0326255 9.50949 0.879478 0.475927 -0.00344905 17.1586 -0.0124958 0.0303344 0.999462 0.813384
0.472518 -0.880478 0.0385352 10.4294 0.881294 0.472395 -0.0128266 18.8792 -0.00691025 0.0400217 0.999175 0.797436
0.469897 -0.882195 0.0304774 11.3855 0.882699 0.46985 -0.00915237 20.6629 -0.00624562 0.0312031 0.999494 0.798512
0.46789 -0.883306 0.0291574 12.3091 0.88373 0.46798 -0.00408047 22.4739 -0.0100408 0.0276765 0.999566 0.801692
0.466689 -0.883881 0.0309204 13.2566 0.884286 0.466943 0.00114022 24.1983 -0.0154459 0.0268104 0.999521 0.789169
0.46651 -0.883919 0.0324978 14.1768 0.884332 0.466848 0.00327527 26.0391 -0.0180666 0.0272109 0.999466 0.759578
0.466639 -0.883788 0.034177 15.1048 0.884325 0.46687 -0.00135708 27.802 -0.0147568 0.0308569 0.999415 0.728342
0.464363 -0.885023 0.0331832 16.0073 0.885521 0.464599 -0.000689095 29.5528 -0.014807 0.0297044 0.999449 0.746236
0.463916 -0.88518 0.0351896 16.9114 0.88576 0.464139 -0.002024 31.2798 -0.0145413 0.0321085 0.999379 0.728675
0.46276 -0.885991 0.02955 17.8149 0.886446 0.462789 -0.00624915 33.1047 -0.00813873 0.0290863 0.999544 0.749314
0.462197 -0.886217 0.0315173 18.7057 0.88667 0.462402 -0.000883638 34.7989 -0.0137906 0.0283538 0.999503 0.741129
0.461839 -0.886266 0.0351686 19.6274 0.886858 0.462034 -0.00287534 36.5403 -0.0137008 0.0325175 0.999377 0.745037
0.46081 -0.886746 0.0365578 20.5289 0.887401 0.460981 -0.00410366 38.2338 -0.0132135 0.0343324 0.999323 0.738613
0.458733 -0.887487 0.0439401 21.4054 0.88834 0.459187 0.000281864 39.9399 -0.0204269 0.0389044 0.999034 0.754166
0.457202 -0.888147 0.0464936 22.2568 0.889083 0.457745 0.00115253 41.6358 -0.0223058 0.0408097 0.998918 0.725454
0.454683 -0.889594 0.0434216 23.0912 0.8906 0.454649 -0.0112263 43.2617 -0.00975475 0.0437757 0.998994 0.703642
0.453352 -0.890674 0.0342368 23.9122 0.891261 0.453464 -0.00488336 44.9359 -0.0111757 0.0327278 0.999402 0.70811
0.450673 -0.89204 0.0340346 24.6648 0.892589 0.450867 -0.00220243 46.4539 -0.0133804 0.0313715 0.999418 0.713684
0.447725 -0.893463 0.035586 25.4124 0.894069 0.447922 -0.00269094 48.0154 -0.0135355 0.0330211 0.999363 0.709407
0.445319 -0.894642 0.0361495 26.1375 0.895241 0.445582 -0.00085208 49.4927 -0.0153453 0.0327419 0.999346 0.709414
0.443442 -0.895705 0.0327317 26.8828 0.896077 0.443854 0.0062471 50.9637 -0.0201237 0.0265599 0.999445 0.691772
0.439671 -0.897536 0.0334616 27.827 0.898042 0.43991 -0.000219642 52.9911 -0.014523 0.0301464 0.99944 0.680475
0.437427 -0.899024 0.0203594 28.733 0.899211 0.437515 -0.000121836 54.8745 -0.00879799 0.0183607 0.999793 0.708604
0.435254 -0.899819 0.0296682 29.5692 0.900298 0.435164 -0.00975186 56.6174 -0.00413563 0.0309548 0.999512 0.740727
0.442207 -0.896422 0.0296609 30.3194 0.896909 0.442059 -0.0117273 58.1991 -0.00259923 0.0317891 0.999491 0.743795
0.457408 -0.888285 0.0415798 31.1029 0.889175 0.4575 -0.00782088 59.6844 -0.0120756 0.0405491 0.999105 0.761684
0.494557 -0.868513 0.0331318 31.7918 0.869 0.494812 -0.000572903 61.0803 -0.0158965 0.0290749 0.999451 0.752506
0.58958 -0.806695 0.0404777 32.9352 0.807337 0.59009 0.000812869 62.5501 -0.0245412 0.0321999 0.99918 0.747865
0.722859 -0.689682 0.0425993 34.061 0.69022 0.723594 0.00277583 63.7675 -0.032739 0.0273963 0.999088 0.715322
0.865427 -0.499423 0.0401509 35.436 0.499825 0.866126 2.95932e-05 64.664 -0.0347905 0.0200428 0.999194 0.667087
0.977965 -0.203795 0.0453028 37.3065 0.204047 0.978961 -0.000959379 65.1555 -0.0441542 0.0101821 0.998973 0.63036
0.991708 0.121782 0.0410344 39.5085 -0.121569 0.992553 -0.00767162 65.001 -0.0416631 0.0026195 0.999128 0.558396
0.953866 0.297148 0.042919 41.285 -0.297136 0.954811 -0.00679751 64.4817 -0.0429994 -0.00626886 0.999055 0.4738
0.92296 0.384249 0.0223217 42.7403 -0.384032 0.923222 -0.0134577 63.7904 -0.0257789 0.00384863 0.99966 0.434314
0.897366 0.440258 0.0301103 44.4527 -0.440103 0.897868 -0.011942 62.9772 -0.0322926 -0.00253528 0.999475 0.384434
0.882728 0.469072 0.0276332 45.8631 -0.468669 0.883148 -0.0199894 62.2333 -0.0337807 0.00469437 0.999418 0.315135
0.874284 0.484747 0.0254694 47.3504 -0.484366 0.87464 -0.0198617 61.3186 -0.0319045 0.00502826 0.999478 0.265572
0.868779 0.494607 0.0242371 49.0697 -0.494141 0.869081 -0.0228737 60.363 -0.0323774 0.00789562 0.999445 0.217102
0.867888 0.496281 0.0218082 50.8482 -0.495678 0.868059 -0.027874 59.3363 -0.0327641 0.0133817 0.999374 0.168873
0.870681 0.491488 0.0188279 52.1219 -0.490737 0.870649 -0.033877 58.6235 -0.0330426 0.0202565 0.999249 0.134566
0.874707 0.484222 0.0204146 53.475 -0.483511 0.874762 -0.0317622 57.8988 -0.0332379 0.0179119 0.999287 0.0926666
0.87757 0.478812 0.0247188 54.8442 -0.478035 0.877774 -0.0315546 57.1508 -0.0368063 0.0158749 0.999196 -0.0116578
0.881885 0.470695 0.0269368 56.2369 -0.469899 0.882173 -0.0310792 56.3975 -0.0383917 0.0147507 0.999154 -0.0598578
0.884154 0.466533 0.0248557 57.6046 -0.466108 0.884475 -0.0211456 55.6396 -0.0318494 0.00711051 0.999467 -0.116879
0.885247 0.464532 0.0234258 59.1437 -0.464256 0.885549 -0.0164027 54.8735 -0.0283643 0.00364491 0.999591 -0.144628
0.885424 0.46401 0.0268081 60.5562 -0.463794 0.88583 -0.0141553 54.1177 -0.0303156 9.99942e-05 0.99954 -0.156827
0.885222 0.464118 0.0312473 62.0468 -0.464072 0.88575 -0.00912906 53.3523 -0.0319142 -0.00641975 0.99947 -0.186731
0.885127 0.464237 0.0321568 63.5655 -0.464329 0.885649 -0.00500002 52.5944 -0.0308008 -0.0105057 0.99947 -0.231167
0.882428 0.469257 0.0334319 65.0381 -0.469389 0.882981 -0.00428451 51.8601 -0.0315302 -0.0119118 0.999432 -0.257952
0.877307 0.478232 0.0403405 66.5651 -0.478669 0.877994 0.00135552 51.0823 -0.0347705 -0.0204989 0.999185 -0.279462
0.869078 0.493104 0.0394087 67.9921 -0.493485 0.869754 -5.17466e-05 50.3264 -0.0343014 -0.0194026 0.999223 -0.308445
0.858836 0.51076 0.0390553 69.4373 -0.511135 0.859501 -0.000455995 49.5032 -0.033801 -0.0195709 0.999237 -0.34933
0.847221 0.529743 0.0398629 70.7784 -0.530078 0.847945 -0.00251163 48.7063 -0.0351321 -0.0190025 0.999202 -0.365608
0.835728 0.547725 0.0394514 72.1145 -0.548027 0.836453 -0.00366475 47.8288 -0.0350065 -0.0185577 0.999215 -0.413313
0.82402 0.565269 0.0382346 73.4239 -0.565622 0.824663 -0.00187974 46.9562 -0.0325932 -0.0200774 0.999267 -0.432669
0.81337 0.580536 0.0375089 74.6507 -0.580902 0.813973 -0.00138557 46.0883 -0.0313356 -0.020662 0.999295 -0.468594
0.80268 0.595263 0.0369621 75.8002 -0.59558 0.803291 -0.00295133 45.2123 -0.0314481 -0.0196449 0.999312 -0.483316
0.793742 0.607068 0.0379816 77.0186 -0.607254 0.79447 -0.00775244 44.3068 -0.0348815 -0.0169111 0.999248 -0.504452
0.7891 0.613009 0.0392571 78.6826 -0.61304 0.78995 -0.0126473 43.0196 -0.0387641 -0.0140861 0.999149 -0.553866
0.790995 0.610938 0.0328901 80.2606 -0.610689 0.791659 -0.0183202 41.8391 -0.0372302 -0.00559437 0.999291 -0.581645
0.804965 0.592446 0.0322409 81.7098 -0.592239 0.80559 -0.0166539 40.702 -0.0358395 -0.0056885 0.999341 -0.645173
0.834478 0.550369 0.0272198 83.0679 -0.55014 0.83492 -0.0159493 39.7738 -0.0315043 -0.00166543 0.999502 -0.663884
0.876479 0.480824 0.0243465 84.372 -0.48071 0.876814 -0.0107014 39.0287 -0.0264928 -0.00232401 0.999646 -0.699187
0.930233 0.3656 0.0316549 85.7998 -0.365443 0.930771 -0.0108303 38.4327 -0.033423 -0.00149339 0.99944 -0.744509
0.987734 0.152094 0.0353417 87.7826 -0.151772 0.988347 -0.0116292 38.1738 -0.0366986 0.00612267 0.999308 -0.73761
0.992271 -0.122457 0.0200385 89.6953 0.122726 0.992358 -0.0127786 38.3591 -0.0183205 0.0151391 0.999718 -0.795006
0.920106 -0.390745 0.0268898 91.5021 0.39118 0.920219 -0.0132564 39.0373 -0.0195647 0.0227161 0.99955 -0.818982
0.801367 -0.596873 0.0394114 93.1136 0.597329 0.801996 0.000250495 40.0666 -0.0317573 0.0233408 0.999223 -0.839409
0.728584 -0.6843 0.0299861 94.1574 0.684422 0.729046 0.00758623 40.9688 -0.0270525 0.0149959 0.999521 -0.904433
0.697648 -0.715684 0.0329102 95.3414 0.71597 0.698119 0.00416574 42.0933 -0.0259566 0.0206565 0.99945 -0.916629
0.682229 -0.730866 0.0199811 96.3054 0.73078 0.682495 0.0126665 43.3164 -0.0228945 0.0059604 0.99972 -0.971261
0.6846 -0.728818 0.0121668 97.4253 0.728844 0.684674 0.00298653 44.5613 -0.0105069 0.0068231 0.999922 -0.988385
0.695688 -0.718328 0.00480836 98.6126 0.718277 0.695698 0.00906994 45.8614 -0.00986036 -0.00285611 0.999947 -0.988115
0.706481 -0.70758 0.0146606 100.031 0.707443 0.706633 0.0139031 47.1766 -0.0201972 0.000549236 0.999796 -1.01776
0.707599 -0.706259 0.0223994 101.408 0.706479 0.707728 -0.00289012 48.6072 -0.0138115 0.0178698 0.999745 -1.01847
0.70374 -0.710402 0.00888422 102.894 0.710417 0.703778 0.00185931 50.1396 -0.00757338 0.00500303 0.999959 -1.0504
0.701263 -0.712676 0.0179777 103.95 0.712645 0.701464 0.00922855 51.208 -0.0191877 0.00634011 0.999796 -1.06044
0.697773 -0.716144 0.0158047 104.975 0.716147 0.697919 0.00652438 52.2985 -0.0157028 0.00676598 0.999854 -1.06597
0.692865 -0.721025 0.00781108 106.034 0.72104 0.692893 0.00119246 53.4389 -0.00627203 0.00480588 0.999969 -1.05082
0.687035 -0.726541 0.0110481 107.187 0.72657 0.68709 0.00180682 54.6106 -0.00890377 0.00678587 0.999937 -1.07333
0.683962 -0.729377 0.0143645 108.295 0.729384 0.684081 0.0056778 55.807 -0.0139677 0.00659383 0.999881 -1.11291
0.683093 -0.730127 0.0172855 109.415 0.730144 0.683262 0.00650558 56.9888 -0.0165604 0.00817699 0.999829 -1.13499
0.683468 -0.729846 0.014009 110.548 0.729835 0.683589 0.00680134 58.236 -0.0145403 0.00557574 0.999879 -1.14489
0.686034 -0.727548 0.00557119 111.645 0.727451 0.68604 0.0127994 59.4802 -0.0131343 -0.00472809 0.999903 -1.15968
0.689752 -0.724045 0.00138328 112.846 0.723907 0.689655 0.0182812 60.8146 -0.0141904 -0.0116081 0.999832 -1.16717
0.693015 -0.720899 0.00600784 114.056 0.720817 0.693031 0.0113901 62.0937 -0.0123747 -0.00356295 0.999917 -1.16089
0.693438 -0.720427 0.0113564 115.26 0.72042 0.693517 0.00542244 63.3085 -0.0117823 0.00442126 0.999921 -1.15707
0.695557 -0.718374 0.0118112 116.452 0.718235 0.695656 0.014166 64.5412 -0.0183931 -0.00137004 0.99983 -1.2002
0.69734 -0.716642 0.0119016 117.632 0.716512 0.697441 0.0136681 65.8043 -0.0180958 -0.00100367 0.999836 -1.20888
0.697838 -0.71624 0.00472473 118.834 0.716247 0.697781 -0.00956639 66.99 0.00355501 0.0100599 0.999943 -1.20026
0.695162 -0.718522 0.0218127 120.018 0.718425 0.695475 0.0134336 68.2567 -0.0248226 0.00633224 0.999672 -1.20499
0.693619 -0.719711 0.0301315 121.191 0.719613 0.694192 0.0159622 69.4873 -0.0324052 0.0106113 0.999418 -1.22287
0.692617 -0.721233 0.0102395 122.308 0.721258 0.692664 0.00163418 70.6971 -0.00827118 0.00625348 0.999946 -1.25822
0.688938 -0.724753 0.00991205 123.458 0.724752 0.688996 0.00433527 71.8869 -0.00997137 0.00419705 0.999941 -1.23462
0.681995 -0.73128 0.0105898 124.569 0.73131 0.682044 0.00149651 73.1128 -0.00831708 0.00672381 0.999943 -1.21384
0.677739 -0.735285 0.00511378 125.664 0.735258 0.677758 0.00629764 74.3357 -0.00809647 -0.000508212 0.999967 -1.21437
0.676087 -0.736796 0.00616642 126.819 0.736713 0.676108 0.011505 75.5836 -0.012646 -0.00323553 0.999915 -1.21004
0.67256 -0.740012 0.00672081 127.884 0.739976 0.672594 0.00724805 76.7682 -0.00988402 9.84892e-05 0.999951 -1.20644
0.665384 -0.746436 0.00981651 129 0.746476 0.665412 -0.000611628 78.0265 -0.00607548 0.00773476 0.999952 -1.19055
0.654794 -0.755608 0.0173807 130.05 0.755592 0.654983 0.00880439 79.2325 -0.0180367 0.00736767 0.99981 -1.25566
0.64825 -0.761144 0.0207838 131.071 0.760906 0.648574 0.0193065 80.4686 -0.0281749 0.00329907 0.999598 -1.29453
0.64004 -0.768203 0.0145724 132.133 0.768167 0.640184 0.00919205 81.7279 -0.0163904 0.00531075 0.999852 -1.25733
0.630262 -0.776249 0.0143785 133.152 0.776296 0.63036 0.00319937 82.9591 -0.0115471 0.00914553 0.999891 -1.24335
0.617417 -0.786599 0.00761322 134.135 0.786523 0.617464 0.0109461 84.2978 -0.0133111 -0.000770366 0.999911 -1.2897
0.603981 -0.796998 0.00144039 135.137 0.796986 0.60398 0.00464913 85.6083 -0.00457531 -0.00166002 0.999988 -1.26362
0.591066 -0.806614 0.00377606 136.112 0.806525 0.591061 0.0128283 86.9733 -0.0125794 -0.00453687 0.999911 -1.31402
0.577549 -0.81634 0.00512954 137.06 0.816141 0.577529 0.0193417 88.3736 -0.0187519 -0.00698434 0.9998 -1.3184
0.56874 -0.822504 0.00472507 138.024 0.822258 0.568695 0.0218287 89.7356 -0.0206413 -0.00852963 0.999751 -1.31275
0.562022 -0.827093 -0.00699989 138.924 0.827063 0.561859 0.016763 91.1096 -0.00993158 -0.0152105 0.999835 -1.30656
0.556506 -0.830793 -0.00918415 139.866 0.830755 0.556252 0.0207062 92.5273 -0.0120939 -0.0191529 0.999743 -1.31536
0.551102 -0.834429 -0.00397364 140.769 0.834017 0.550666 0.0344007 93.9254 -0.0265168 -0.0222724 0.9994 -1.33856
0.543275 -0.839536 0.00555828 141.652 0.839381 0.543285 0.0167422 95.2721 -0.0170754 -0.00443011 0.999844 -1.33961
0.531563 -0.847012 -0.00337542 142.518 0.846938 0.531453 0.0159261 96.7051 -0.0116957 -0.0113245 0.999867 -1.36205
0.518928 -0.854817 0.000863949 143.41 0.854587 0.518811 0.0227171 98.0581 -0.0198672 -0.0110502 0.999742 -1.388
0.508967 -0.860644 0.0156517 144.267 0.860499 0.509183 0.0165752 99.5029 -0.0222349 0.00503206 0.99974 -1.4368
0.499567 -0.865526 0.0360125 145.098 0.866242 0.49948 -0.0120078 100.922 -0.00759447 0.0371943 0.999279 -1.38597
0.487291 -0.87267 0.031539 145.967 0.873212 0.487244 -0.00968823 102.463 -0.00691257 0.0322613 0.999456 -1.40595
0.477928 -0.877797 0.0325199 146.8 0.878015 0.478486 0.0118706 103.985 -0.0259803 0.0228797 0.999401 -1.45954
0.472499 -0.880686 0.0337269 147.606 0.881092 0.472917 0.00522414 105.52 -0.0205508 0.0272481 0.999417 -1.44812
0.468981 -0.883077 0.0152095 148.32 0.8832 0.468982 -0.00372667 106.985 -0.00384204 0.0151808 0.999877 -1.43242
0.465626 -0.884646 0.0243654 149.146 0.88489 0.465798 0.00157938 108.569 -0.0127466 0.0208253 0.999702 -1.41299
0.463646 -0.885633 0.0262055 149.915 0.885778 0.464008 0.00965294 110.072 -0.0207085 0.0187367 0.99961 -1.46034
0.460589 -0.887187 0.0275181 150.689 0.887606 0.46049 -0.0102192 111.55 -0.00360547 0.0291321 0.999569 -1.46201
0.457505 -0.888793 0.0271388 151.485 0.889207 0.45732 -0.0130268 113.085 -0.000832979 0.0300919 0.999547 -1.45378
0.455351 -0.889667 0.0338841 152.213 0.890191 0.455587 -0.000836757 114.625 -0.0146927 0.0305443 0.999425 -1.44803
0.454497 -0.889956 0.0375587 152.952 0.890709 0.45447 -0.00974066 116.162 -0.00840054 0.037881 0.999247 -1.44817
0.453592 -0.890587 0.033297 153.705 0.891168 0.453615 -0.00731035 117.691 -0.00859349 0.0329891 0.999419 -1.44924
0.452485 -0.891302 0.028949 154.459 0.891669 0.452688 0.000544396 119.245 -0.0135901 0.0255666 0.999581 -1.45065
0.451542 -0.891789 0.0286893 155.218 0.892181 0.451673 -0.00210397 120.739 -0.0110819 0.0265461 0.999586 -1.42264
0.448851 -0.893329 0.0222738 155.887 0.893593 0.448842 -0.00569375 122.173 -0.00491105 0.0224594 0.999736 -1.43964
0.444947 -0.895081 0.0291803 156.617 0.895301 0.445362 0.00938779 123.639 -0.0213986 0.0219481 0.99953 -1.53036
0.444793 -0.894832 0.0378915 157.61 0.895526 0.444996 -0.00336229 125.657 -0.0138529 0.0354284 0.999276 -1.45656
0.448248 -0.893317 0.0325158 158.491 0.893907 0.44803 -0.0141317 127.571 -0.00194394 0.0354007 0.999371 -1.43844
0.462263 -0.885936 0.0378117 159.418 0.886618 0.462493 -0.00293678 129.414 -0.0148859 0.0348821 0.999281 -1.44067
0.478623 -0.877316 0.0351511 160.313 0.877945 0.478723 -0.00606275 131.218 -0.0115087 0.0337625 0.999364 -1.43683
0.499137 -0.866212 0.0232078 161.268 0.866522 0.49891 -0.015142 132.947 0.00153761 0.027668 0.999616 -1.39162
0.511856 -0.85841 0.0336946 162.249 0.858988 0.511958 -0.00616928 134.553 -0.0119545 0.0321011 0.999413 -1.3745
0.515867 -0.856018 0.0333889 163.259 0.856506 0.516136 -0.000623691 136.244 -0.0166993 0.0289195 0.999442 -1.4125
0.514307 -0.857083 0.0299485 164.295 0.857444 0.514576 0.00149775 137.938 -0.0166945 0.0249088 0.99955 -1.42514
0.510035 -0.859869 0.0221298 165.262 0.860146 0.509757 -0.0172105 139.665 0.00351791 0.0278128 0.999607 -1.41025
0.497838 -0.866701 0.0313949 166.269 0.866959 0.498303 0.00873182 141.424 -0.023212 0.022871 0.999469 -1.45651
0.489318 -0.871351 0.0362781 167.327 0.871683 0.489952 0.0107433 143.213 -0.0271357 0.0263662 0.999284 -1.50071
0.484153 -0.873764 0.046181 168.335 0.874824 0.484398 -0.00649396 145.059 -0.0166958 0.0435443 0.998912 -1.49289
0.482031 -0.874112 0.0597805 169.095 0.875836 0.482571 -0.0059954 146.313 -0.0236077 0.0552479 0.998194 -1.50345
0.478633 -0.87524 0.0697531 170.075 0.87788 0.478438 -0.020554 148.128 -0.0153829 0.0710727 0.997353 -1.50915
0.478109 -0.875117 0.0747135 170.839 0.878018 0.478379 -0.015405 149.375 -0.0222602 0.0729651 0.997086 -1.54695
0.476347 -0.875603 0.0800799 171.795 0.879077 0.476112 -0.0232345 151.165 -0.0177828 0.0814641 0.996518 -1.55155
0.477138 -0.875926 0.0713634 172.717 0.878809 0.476086 -0.0321855 152.976 -0.00578303 0.0780717 0.996931 -1.56369
0.476423 -0.875607 0.0795827 173.718 0.87894 0.476586 -0.0181548 154.735 -0.0220316 0.0785978 0.996663 -1.56972
0.469618 -0.878433 0.0883981 174.58 0.8825 0.46996 -0.0182031 156.288 -0.0255534 0.0865599 0.995919 -1.59952
0.442672 -0.89151 0.0961809 175.303 0.896503 0.442181 -0.0275336 157.723 -0.0179829 0.0984148 0.994983 -1.60346
0.361373 -0.927021 0.100205 176.013 0.932342 0.360654 -0.0258378 159.607 -0.0121872 0.102762 0.994631 -1.6112
0.220382 -0.970883 0.0939028 176.442 0.975376 0.218507 -0.0299281 161.369 0.00853824 0.0981862 0.995131 -1.58787
-0.0394386 -0.998475 0.0386371 176.405 0.998863 -0.040431 -0.0252478 163.676 0.0267714 0.0375974 0.998934 -1.53253
-0.271292 -0.962461 0.00827691 175.912 0.962462 -0.271345 -0.00613547 165.465 0.00815106 0.00630171 0.999947 -1.5032
-0.483733 -0.875214 -0.00156835 175.042 0.875215 -0.483733 -0.000721134 167.021 -0.000127513 -0.00172148 0.999999 -1.42658
-0.671885 -0.740404 0.0192882 173.959 0.740382 -0.672116 -0.00965888 168.292 0.0201154 0.00779099 0.999767 -1.39573
-0.771605 -0.635847 0.0179896 172.851 0.635753 -0.77181 -0.0112987 169.226 0.0210688 0.00271878 0.999774 -1.37822
-0.83372 -0.551788 0.0209896 171.602 0.55155 -0.833982 -0.0163413 170.046 0.0265219 -0.00204722 0.999646 -1.3377
-0.868596 -0.494995 0.0228093 170.238 0.494475 -0.868833 -0.0249659 170.822 0.0321755 -0.0104067 0.999428 -1.27042
-0.884002 -0.466857 0.0241803 168.727 0.466034 -0.884151 -0.0329887 171.49 0.03678 -0.0178933 0.999163 -1.20702
-0.887836 -0.459508 0.0244769 167.022 0.458615 -0.887958 -0.03467 172.308 0.0376656 -0.0195558 0.999099 -1.13118
-0.886817 -0.461373 0.0262903 165.201 0.460434 -0.887005 -0.0349686 173.25 0.0394531 -0.0189058 0.999043 -1.04017
-0.886635 -0.4615 0.0299338 163.887 0.460481 -0.886967 -0.0353251 173.934 0.0428528 -0.0175365 0.998927 -0.978362
-0.885607 -0.463378 0.0313163 162.549 0.462364 -0.886012 -0.0346728 174.672 0.0438133 -0.016227 0.998908 -0.912513
-0.883141 -0.468068 0.0312182 161.054 0.467096 -0.883561 -0.0337888 175.422 0.0433986 -0.0152584 0.998941 -0.83984
-0.881913 -0.470301 0.0323348 159.528 0.469452 -0.882427 -0.0306183 176.233 0.0429329 -0.011823 0.999008 -0.767113
-0.880705 -0.472827 0.0281508 157.982 0.472144 -0.881085 -0.0277288 177.036 0.0379142 -0.0111297 0.999219 -0.692941
-0.880066 -0.474246 0.0239482 156.383 0.47364 -0.880305 -0.0269982 177.891 0.0338855 -0.0124174 0.999349 -0.646843
-0.881342 -0.471618 0.0285235 154.822 0.47092 -0.881732 -0.0279999 178.724 0.0383553 -0.0112452 0.999201 -0.548743
-0.883485 -0.46757 0.0288441 153.247 0.466956 -0.883908 -0.025667 179.559 0.0374967 -0.00920753 0.999254 -0.462415
-0.886986 -0.461114 0.0250851 151.693 0.460895 -0.88734 -0.0142438 180.352 0.028827 -0.0010724 0.999584 -0.39859
-0.889683 -0.455899 0.0249144 150.099 0.455718 -0.890032 -0.012828 181.194 0.0280229 -5.88861e-05 0.999607 -0.337859
-0.891355 -0.452466 0.0275981 148.55 0.452227 -0.891782 -0.0147096 181.962 0.0312671 -0.00063088 0.999511 -0.245749
-0.893142 -0.448988 0.0265826 146.997 0.448607 -0.893522 -0.0192321 182.702 0.0323871 -0.00525186 0.999462 -0.17439
-0.893549 -0.448003 0.0293854 145.442 0.447365 -0.893976 -0.0259225 183.44 0.0378832 -0.010017 0.999232 -0.0910429
-0.892452 -0.450163 0.0296958 143.923 0.449407 -0.89286 -0.0288953 184.217 0.0395217 -0.0124422 0.999141 0.0179111
-0.890755 -0.453494 0.0299661 142.333 0.452809 -0.891197 -0.0270518 184.999 0.0389735 -0.0105277 0.999185 0.0997699
-0.889422 -0.45595 0.0322215 140.857 0.455491 -0.889997 -0.0207992 185.734 0.0381604 -0.00382264 0.999264 0.201327
-0.887796 -0.458724 0.0372813 139.361 0.458735 -0.88853 -0.00877445 186.503 0.0371506 0.0093123 0.999266 0.251065
-0.886681 -0.460662 0.0398361 137.857 0.460766 -0.887494 -0.00709576 187.264 0.038623 0.0120634 0.999181 0.369217
-0.886673 -0.461304 0.0317627 136.359 0.461294 -0.88721 -0.00808415 188.046 0.0319095 0.00748396 0.999463 0.434721
-0.888923 -0.456787 0.0340888 134.937 0.457043 -0.889445 -0.000304279 188.771 0.0304591 0.0153096 0.999419 0.498627
-0.891466 -0.451413 0.0389118 133.46 0.451646 -0.892192 -0.00309065 189.491 0.036112 0.0148191 0.999238 0.618528
-0.895771 -0.442897 0.0378942 131.996 0.442865 -0.896536 -0.00969582 190.192 0.0382678 0.00809678 0.999235 0.693399
-0.899975 -0.434668 0.0333013 130.538 0.434411 -0.900591 -0.0149648 190.865 0.0364955 0.000998532 0.999333 0.798179
-0.903696 -0.427152 0.0295604 129.059 0.426793 -0.904173 -0.0178662 191.52 0.0343593 -0.00352944 0.999403 0.853322
-0.905914 -0.422724 0.0249687 127.632 0.42212 -0.906163 -0.0261402 192.159 0.0336758 -0.013141 0.999346 0.933348
-0.907093 -0.420228 0.0242931 126.233 0.41953 -0.907273 -0.0291426 192.756 0.034287 -0.0162434 0.99928 0.999022
-0.907162 -0.420198 0.0221366 124.867 0.419424 -0.907207 -0.0325377 193.334 0.0337547 -0.0202324 0.999225 1.06911
-0.906784 -0.421167 0.0190277 122.93 0.420316 -0.906623 -0.0370136 194.187 0.0328399 -0.0255657 0.999134 1.16993
-0.903001 -0.42931 0.0168208 121.119 0.428353 -0.902635 -0.0420037 195.036 0.0332157 -0.0307241 0.998976 1.27124
-0.89922 -0.437101 0.0186194 119.46 0.436122 -0.898952 -0.0410224 195.814 0.0346689 -0.0287678 0.998985 1.36224
-0.894596 -0.446521 0.0177821 117.925 0.445565 -0.894312 -0.0409728 196.519 0.0341979 -0.028731 0.999002 1.44966
-0.888351 -0.458801 0.0182802 116.508 0.457852 -0.888117 -0.0402475 197.257 0.0347006 -0.0273843 0.999022 1.53828
-0.87947 -0.475595 0.0184932 114.941 0.474937 -0.879467 -0.0311767 198.123 0.0310917 -0.0186359 0.999343 1.59691
-0.868878 -0.49454 0.0219339 113.598 0.494089 -0.869106 -0.023041 198.826 0.0304575 -0.00918251 0.999494 1.7068
-0.855909 -0.516705 0.0208812 112.217 0.51614 -0.856073 -0.027182 199.616 0.0319209 -0.0124876 0.999412 1.80529
-0.845456 -0.532324 0.0428338 111.025 0.531275 -0.84652 -0.0339233 200.425 0.0543179 -0.00592412 0.998506 1.86942
-0.803855 -0.592868 0.0482213 109.867 0.591581 -0.805295 -0.0391424 201.224 0.0620387 -0.00293798 0.998069 1.94084
-0.699697 -0.713076 0.0441221 108.61 0.712697 -0.700969 -0.0265577 202.392 0.0498659 0.0128633 0.998673 2.01573
-0.526114 -0.849748 0.0336636 107.716 0.849958 -0.526716 -0.0119164 203.717 0.0278571 0.0223433 0.999362 2.03781
-0.264695 -0.963313 0.0443291 107.182 0.964118 -0.265325 -0.00887096 205.468 0.0203071 0.0403904 0.998978 2.12861
0.0479379 -0.997583 0.0503009 107.182 0.99882 0.0474806 -0.0102484 207.56 0.00783529 0.0507328 0.998682 2.15994
0.258281 -0.964548 0.0542054 107.653 0.96607 0.257881 -0.0143609 209.402 -0.000126776 0.0560754 0.998426 2.14232
0.370735 -0.927062 0.0557783 108.365 0.9287 0.370598 -0.0131738 211.017 -0.00845836 0.0566853 0.998356 2.13132
0.43491 -0.898406 0.0609915 109.217 0.900345 0.434994 -0.0125981 212.661 -0.0152127 0.0603924 0.998059 2.09627
0.464221 -0.88369 0.0599255 110.142 0.88555 0.464391 -0.0119188 214.439 -0.0172964 0.0586 0.998132 2.05966
0.477369 -0.876612 0.0605818 111.146 0.878536 0.477487 -0.0134602 216.312 -0.0171276 0.0596488 0.998072 2.03834
0.480775 -0.874641 0.062118 111.863 0.876619 0.481049 -0.0114454 217.672 -0.0198712 0.0599564 0.998003 2.00338
0.481713 -0.873846 0.0659261 112.572 0.876049 0.482096 -0.011024 218.987 -0.0221494 0.0630649 0.997764 1.98087
0.479087 -0.875415 0.0642223 113.358 0.877581 0.47921 -0.0144813 220.481 -0.0180988 0.063298 0.997831 1.95032
0.477569 -0.876486 0.0608282 114.141 0.878528 0.477235 -0.0208539 221.947 -0.0107512 0.0633985 0.99793 1.91365
0.477353 -0.877386 0.0482435 114.954 0.878591 0.477478 -0.00964323 223.466 -0.0145744 0.0469895 0.998789 1.96534
0.476756 -0.876853 0.0619032 115.821 0.878665 0.477417 -0.00459155 225.031 -0.0255276 0.0565813 0.998072 1.84203
0.476009 -0.877039 0.0649448 116.7 0.879206 0.476289 -0.012108 226.636 -0.0203133 0.0628634 0.997815 1.85485
0.474821 -0.878019 0.0602273 117.593 0.880033 0.474408 -0.0218845 228.348 -0.00935734 0.0633932 0.997945 1.81228
0.473392 -0.878985 0.0573107 118.52 0.880794 0.473103 -0.0193683 230.042 -0.0100894 0.0596477 0.998168 1.83536
0.472252 -0.879389 0.0604483 119.436 0.881222 0.472617 -0.00900282 231.782 -0.020652 0.05752 0.998131 1.79417
0.47297 -0.878816 0.0630927 120.389 0.880741 0.473557 -0.00625487 233.58 -0.0243811 0.0585267 0.997988 1.76079
0.472978 -0.878993 0.0605203 121.366 0.880894 0.473152 -0.0123377 235.404 -0.0177905 0.0591474 0.998091 1.75333
0.472109 -0.8795 0.0599367 122.35 0.881398 0.472162 -0.0141708 237.273 -0.0158366 0.0595182 0.998102 1.73669
0.469309 -0.88065 0.0648436 123.314 0.882783 0.469659 -0.0106875 239.093 -0.0210424 0.0622586 0.997838 1.70453
0.466358 -0.881914 0.0688282 124.298 0.884458 0.466245 -0.0186908 240.975 -0.0156071 0.0695923 0.997453 1.68547
0.463995 -0.883305 0.0669432 125.296 0.885789 0.46344 -0.0245332 242.865 -0.00935385 0.0706808 0.997455 1.66339
0.460776 -0.885076 0.0657659 126.262 0.887414 0.46058 -0.0190125 244.731 -0.0134629 0.0671222 0.997654 1.67478
0.457472 -0.886543 0.0689966 127.224 0.888994 0.457738 -0.0128335 246.64 -0.0202049 0.0672086 0.997534 1.65046
0.456736 -0.886659 0.0722975 128.194 0.889356 0.457011 -0.0136726 248.532 -0.0209178 0.070543 0.997289 1.66158
0.456518 -0.886446 0.0761866 129.127 0.889546 0.456421 -0.0196924 250.387 -0.0173169 0.0767614 0.996899 1.63364
0.457153 -0.886509 0.0715027 130.082 0.889303 0.456741 -0.0229613 252.26 -0.0123029 0.0740844 0.997176 1.62902
0.457453 -0.886377 0.0712204 131.016 0.889108 0.457265 -0.0198704 254.116 -0.014954 0.0724124 0.997263 1.59791
0.457905 -0.886045 0.0724373 131.96 0.888829 0.457898 -0.0176802 255.933 -0.0175034 0.0724802 0.997216 1.57853
0.458585 -0.885991 0.0687052 132.913 0.888345 0.459083 -0.009293 257.803 -0.0233079 0.0652956 0.997594 1.55439
0.45901 -0.88593 0.0666136 133.849 0.888146 0.459471 -0.00912911 259.634 -0.0225193 0.0633529 0.997737 1.54144
0.460296 -0.885203 0.0674086 134.75 0.887611 0.460304 -0.0163477 261.438 -0.0165574 0.0673575 0.997591 1.51814
0.460962 -0.885441 0.059222 135.691 0.887306 0.460945 -0.0147633 263.269 -0.0142261 0.0593534 0.998136 1.50355
0.461027 -0.885604 0.056212 136.634 0.887228 0.461215 -0.0103657 265.136 -0.0167459 0.0546518 0.998365 1.51233
0.460446 -0.885713 0.0591704 137.569 0.887486 0.460738 -0.0094249 266.934 -0.0189143 0.0568526 0.998203 1.48834
0.461638 -0.885194 0.0576391 138.528 0.886869 0.461936 -0.00884488 268.827 -0.0187961 0.0552015 0.998298 1.46736
0.463259 -0.884067 0.0617755 139.475 0.886021 0.463515 -0.0109905 270.659 -0.0189175 0.0598259 0.99803 1.449
0.464174 -0.883715 0.0599248 140.43 0.885524 0.464502 -0.00917645 272.538 -0.0197259 0.0573244 0.998161 1.4094
0.46488 -0.883003 0.0647524 141.406 0.885212 0.464947 -0.0149387 274.405 -0.0169155 0.0642643 0.99779 1.37295
0.46505 -0.883248 0.0600107 142.396 0.885176 0.464985 -0.0158846 276.318 -0.0138741 0.0605072 0.998071 1.3904
0.465182 -0.883071 0.0615787 143.385 0.884988 0.46551 -0.00978198 278.234 -0.0200273 0.0590468 0.998054 1.34822
0.465585 -0.882626 0.0648308 144.393 0.88468 0.466143 -0.00714609 280.16 -0.0239131 0.0606816 0.997871 1.31771
0.464983 -0.882705 0.0679886 145.419 0.884997 0.465514 -0.0087768 282.046 -0.0239023 0.0642507 0.997647 1.29247
0.464481 -0.882697 0.0714346 146.406 0.885352 0.46469 -0.0146698 283.974 -0.020246 0.0700585 0.997337 1.27029
0.464106 -0.88289 0.0714861 147.429 0.885488 0.46451 -0.0118758 285.854 -0.022721 0.0688117 0.997371 1.26111
0.463242 -0.882478 0.081479 148.41 0.885837 0.463819 -0.0128454 287.745 -0.0264558 0.0781276 0.996592 1.22986
0.462596 -0.881701 0.0927828 149.394 0.886304 0.462476 -0.0240929 289.627 -0.0216671 0.0933791 0.995395 1.21136
0.462198 -0.881964 0.0922588 150.335 0.886545 0.461946 -0.0253591 291.421 -0.0202528 0.0935125 0.995412 1.18683
0.459698 -0.882968 0.095104 151.309 0.887745 0.459803 -0.0221198 293.292 -0.024198 0.0945966 0.995222 1.15857
0.457903 -0.883269 0.100803 152.25 0.888572 0.458257 -0.0209946 295.088 -0.0276499 0.0991844 0.994685 1.14764
0.455594 -0.883528 0.108681 153.112 0.889822 0.455497 -0.0271759 296.85 -0.0254934 0.109088 0.993705 1.13004
0.454297 -0.884077 0.109641 153.999 0.890528 0.453991 -0.0291947 298.598 -0.0239656 0.110901 0.993542 1.10196
0.45282 -0.885005 0.108259 154.873 0.891291 0.452521 -0.0287336 300.314 -0.0235602 0.109501 0.993707 1.08441
0.452211 -0.885408 0.107509 155.698 0.89156 0.452116 -0.0266647 301.969 -0.0249972 0.107908 0.993846 1.05891
0.452577 -0.885446 0.105643 156.507 0.891477 0.452059 -0.030177 303.553 -0.0210366 0.107835 0.993946 1.05016
0.455434 -0.883831 0.106871 157.285 0.889982 0.455046 -0.0294178 305.104 -0.0226309 0.108511 0.993838 1.03217
0.457509 -0.882091 0.112258 158.043 0.888876 0.457116 -0.0307359 306.61 -0.0242033 0.113846 0.993204 1.01514
0.460287 -0.880588 0.112694 158.774 0.887393 0.460068 -0.0295102 308.012 -0.0258606 0.113587 0.993191 0.998451
0.463234 -0.878482 0.116978 159.489 0.88572 0.463415 -0.027311 309.334 -0.0302171 0.116261 0.992759 0.971157
0.466827 -0.876237 0.119502 160.401 0.884 0.466158 -0.0352274 311.158 -0.0248392 0.122085 0.992209 0.974927
0.469161 -0.875537 0.115429 161.273 0.882766 0.468617 -0.0335071 312.798 -0.0247553 0.117617 0.99275 0.944733
0.464179 -0.877616 0.119697 162.054 0.885349 0.46374 -0.0332051 314.244 -0.0263668 0.121386 0.992255 0.929512
0.429524 -0.895573 0.116011 162.854 0.902924 0.428095 -0.0382467 315.965 -0.015411 0.121177 0.992511 0.914772
0.345318 -0.931908 0.110919 163.423 0.938465 0.343684 -0.0341407 317.633 -0.00630522 0.115883 0.993243 0.90683
0.191884 -0.975388 0.108623 163.719 0.981401 0.190054 -0.027055 319.386 0.00574495 0.111794 0.993715 0.942908
-0.0661853 -0.993093 0.0968827 163.634 0.997663 -0.0675154 -0.0105125 321.571 0.0169809 0.0959605 0.99524 1.0004
-0.30765 -0.946063 0.101574 163.108 0.951047 -0.309038 0.00215991 323.397 0.0293467 0.0972657 0.994826 1.10204
-0.489717 -0.864034 0.116713 162.405 0.870431 -0.492219 0.00832074 324.721 0.0502589 0.105665 0.993131 1.19399
-0.658486 -0.742628 0.122063 161.379 0.748209 -0.663463 -0.000174769 325.906 0.0811141 0.0912136 0.992522 1.28605
-0.793225 -0.598266 0.113456 160.147 0.60297 -0.79771 0.00923601 326.872 0.0849791 0.0757365 0.9935 1.48397
-0.871909 -0.481544 0.0888294 158.619 0.48253 -0.875805 -0.011439 327.648 0.0833056 0.032889 0.995981 1.58312
-0.904511 -0.419781 0.0751253 156.96 0.419972 -0.907429 -0.014013 328.356 0.0740532 0.0188756 0.997076 1.77983
-0.910775 -0.402778 0.0908779 155.279 0.401673 -0.91526 -0.0309441 329.022 0.0956405 0.00832011 0.995381 1.89159
-0.909472 -0.404758 0.0950397 153.44 0.404399 -0.914271 -0.0238761 329.86 0.0965561 0.0167194 0.995187 2.15703
-0.908436 -0.408309 0.0895943 151.51 0.407384 -0.91279 -0.0292207 330.663 0.0937118 0.00995405 0.99555 2.33614
-0.905165 -0.415498 0.0896472 150.189 0.414096 -0.909575 -0.0345975 331.219 0.0959161 0.00580614 0.995372 2.48897
-0.901649 -0.424032 0.0850016 148.731 0.422196 -0.905647 -0.0394173 331.818 0.0936956 0.000346809 0.995601 2.64559
-0.898645 -0.4312 0.0806501 147.293 0.429555 -0.902256 -0.0376411 332.535 0.0889978 0.000817671 0.996031 2.79001
-0.895946 -0.436337 0.0830074 145.814 0.434412 -0.899783 -0.0409437 333.21 0.0925539 -0.000623962 0.995708 2.96613
-0.893353 -0.442331 0.0791475 144.203 0.440683 -0.896852 -0.0381483 333.97 0.0878577 0.000799101 0.996133 3.12495
-0.891722 -0.446932 0.0712988 142.663 0.445676 -0.894566 -0.0335318 334.744 0.0787679 0.00187515 0.996891 3.28974
-0.889467 -0.451435 0.0710976 141.014 0.450395 -0.892293 -0.0309527 335.569 0.077413 0.00449062 0.996989 3.43584
-0.88734 -0.454631 0.0770537 139.412 0.453437 -0.890664 -0.0333606 336.383 0.0837957 0.00533687 0.996469 3.59327
-0.887399 -0.454615 0.0764772 137.723 0.45337 -0.890677 -0.0339275 337.245 0.0835403 0.00456525 0.996494 3.78215
-0.888547 -0.452892 0.0732984 136.044 0.451397 -0.891565 -0.0367677 338.09 0.0820021 0.000416837 0.996632 3.9592
-0.889717 -0.451047 0.0704308 134.456 0.449437 -0.892497 -0.0381469 338.927 0.0800654 -0.00228574 0.996787 4.10845
-0.890892 -0.44882 0.0698065 132.83 0.447162 -0.893616 -0.0386778 339.715 0.0797396 -0.00324285 0.99681 4.25874
-0.892018 -0.446156 0.0724436 131.184 0.44458 -0.894954 -0.0374921 340.485 0.0815611 -0.00123663 0.996668 4.46952
-0.894755 -0.441039 0.0699834 129.468 0.439182 -0.897469 -0.0408459 341.315 0.0808226 -0.00581169 0.996712 4.65506
-0.898973 -0.432891 0.066734 127.821 0.431361 -0.901437 -0.0365985 342.089 0.0759996 -0.00411467 0.997099 4.82029
-0.901568 -0.427396 0.0671379 126.136 0.42571 -0.904044 -0.0384032 342.831 0.077109 -0.00604181 0.997004 4.95901
-0.902858 -0.423604 0.0735321 124.529 0.421669 -0.905828 -0.0408739 343.597 0.0839218 -0.00589717 0.996455 5.15481
-0.903762 -0.422167 0.0706316 122.855 0.420383 -0.9065 -0.039186 344.341 0.0805706 -0.00572244 0.996732 5.32979
-0.902633 -0.424259 0.0725142 121.262 0.422488 -0.90553 -0.0389851 345.058 0.0822035 -0.00455283 0.996605 5.48136
-0.899871 -0.430188 0.0719044 119.614 0.427991 -0.902693 -0.0443831 345.855 0.0840006 -0.00916469 0.996424 5.64577
-0.896278 -0.438347 0.0673633 117.945 0.436203 -0.898744 -0.0445813 346.59 0.0800844 -0.0105732 0.996732 5.8302
-0.891998 -0.447263 0.0655365 116.374 0.44523 -0.894349 -0.0437064 347.368 0.0781607 -0.00980716 0.996893 5.9944
-0.887654 -0.455692 0.0664467 114.741 0.453756 -0.890104 -0.0426702 348.174 0.078589 -0.00772582 0.996877 6.16757
-0.88246 -0.465258 0.0692741 113.189 0.463231 -0.88515 -0.043887 348.908 0.0817367 -0.00663863 0.996632 6.296
-0.877863 -0.473906 0.0690613 111.633 0.471841 -0.880551 -0.044681 349.728 0.0819866 -0.00663776 0.996611 6.48195
-0.874058 -0.481094 0.0676178 110.097 0.479204 -0.876655 -0.0429068 350.542 0.0799197 -0.00510031 0.996788 6.6425
-0.870093 -0.488586 0.0649811 108.628 0.486934 -0.87251 -0.0402803 351.393 0.076377 -0.00340603 0.997073 6.79158
-0.867535 -0.492657 0.0683516 107.123 0.491382 -0.870219 -0.0355262 352.201 0.0769831 0.00276654 0.997029 6.9395
-0.866039 -0.494841 0.0714763 105.732 0.493644 -0.868968 -0.0347797 353.018 0.079321 0.0051632 0.996836 7.11171
-0.865678 -0.494969 0.0748804 104.397 0.493912 -0.868873 -0.0333382 353.773 0.0815629 0.00812411 0.996635 7.27703
-0.867707 -0.491052 0.07716 103.149 0.490207 -0.87106 -0.0308458 354.479 0.0823579 0.0110593 0.996541 7.4168
-0.873691 -0.480613 0.0753357 101.442 0.480171 -0.876817 -0.0250665 355.449 0.0781029 0.0142737 0.996843 7.58335
-0.882449 -0.463379 0.0810177 99.7727 0.463248 -0.885967 -0.0215505 356.32 0.081765 0.0185141 0.99648 7.76777
-0.892923 -0.443274 0.0787206 98.136 0.442788 -0.896292 -0.0244899 357.095 0.0814124 0.0129889 0.996596 7.93411
-0.901186 -0.425068 0.0847385 96.5661 0.424183 -0.905109 -0.029087 357.809 0.0890616 0.00973181 0.995979 8.12251
-0.908093 -0.409303 0.0885395 94.9475 0.407899 -0.912385 -0.0342429 358.529 0.0947978 0.0050194 0.995484 8.28729
-0.913722 -0.396158 0.0903971 93.3206 0.394573 -0.918177 -0.0355487 359.245 0.0970834 0.00318664 0.995271 8.4836
-0.917155 -0.388241 0.0899786 91.5478 0.385877 -0.921546 -0.043048 359.916 0.0996324 -0.00476107 0.995013 8.65893
-0.91785 -0.386401 0.0908006 89.7606 0.384001 -0.922318 -0.0432735 360.669 0.100468 -0.00485107 0.994928 8.87736
-0.918949 -0.387471 0.0734817 87.8692 0.385446 -0.921839 -0.0405539 361.432 0.0834517 -0.00894366 0.996472 9.06909
-0.918139 -0.392127 0.0570755 86.5208 0.390457 -0.91982 -0.0384165 361.979 0.0675633 -0.0129862 0.99763 9.17848
-0.913889 -0.399667 0.0712344 85.1908 0.396799 -0.916472 -0.0512871 362.552 0.085782 -0.018605 0.99614 9.32625
-0.910934 -0.406697 0.0692544 83.768 0.403926 -0.91338 -0.0508058 363.158 0.0839181 -0.018307 0.996304 9.46646
-0.908892 -0.41357 0.0536193 82.2358 0.411992 -0.910384 -0.0382527 363.826 0.0646344 -0.0126768 0.997828 9.59186
-0.904586 -0.420207 0.0717628 80.7988 0.417696 -0.907332 -0.0477372 364.5 0.0851722 -0.0132074 0.996279 9.70672
-0.900422 -0.428495 0.0750481 79.2194 0.424839 -0.90327 -0.0601197 365.2 0.0935497 -0.0222497 0.995366 9.87729
-0.896111 -0.439616 0.0610187 77.5583 0.436534 -0.897836 -0.0576867 365.899 0.0801448 -0.0250569 0.996468 10.0233
-0.888069 -0.452664 0.0801834 75.9494 0.448548 -0.891426 -0.0645332 366.736 0.100689 -0.0213438 0.994689 10.2076
-0.881327 -0.464613 0.0860112 74.2509 0.460691 -0.885385 -0.0621136 367.606 0.105012 -0.0151178 0.994356 10.4393
-0.876532 -0.476041 0.0712524 72.5197 0.473846 -0.879398 -0.046147 368.531 0.084627 -0.00668663 0.99639 10.6318
-0.871834 -0.484044 0.074872 70.7727 0.482108 -0.875042 -0.0432816 369.506 0.0864664 -0.00163795 0.996253 10.801
-0.870516 -0.485933 0.0779232 69.0363 0.484063 -0.873996 -0.0425928 370.476 0.0888018 0.000642009 0.996049 10.9949
-0.870743 -0.485729 0.0766428 67.2702 0.484088 -0.874106 -0.0399565 371.451 0.086402 0.00231008 0.996258 11.1857
-0.873419 -0.481602 0.0721042 65.488 0.48038 -0.876379 -0.0345703 372.445 0.0798397 0.00444301 0.996798 11.3741
-0.876758 -0.474319 0.0794831 63.7045 0.47311 -0.880323 -0.0346088 373.338 0.0863864 0.00726071 0.996235 11.54
-0.87949 -0.467333 0.0899876 61.9726 0.466386 -0.883981 -0.0325817 374.238 0.0947739 0.0133137 0.99541 11.759
-0.883434 -0.461706 0.0798239 60.2125 0.460935 -0.886962 -0.028942 375.184 0.0841635 0.0112253 0.996389 11.949
-0.885591 -0.457017 0.0828501 58.4566 0.456625 -0.889315 -0.0247374 376.022 0.0849853 0.0159242 0.996255 12.144
-0.887201 -0.453562 0.084595 56.7137 0.452587 -0.891165 -0.031469 376.877 0.0896612 0.0103673 0.995918 12.3178
-0.888893 -0.450122 0.0852017 54.9605 0.449253 -0.892894 -0.030206 377.776 0.0896725 0.0114272 0.995906 12.5235
-0.892498 -0.443942 0.079767 53.1899 0.44367 -0.895918 -0.0220852 378.659 0.0812692 0.0156792 0.996569 12.7182
-0.895918 -0.437305 0.0780664 51.4077 0.437442 -0.8991 -0.0162523 379.479 0.0772967 0.0195887 0.996816 12.9122
-0.897753 -0.43182 0.0870143 49.7044 0.431677 -0.901774 -0.0214216 380.289 0.0877174 0.0183308 0.995977 13.0711
-0.899671 -0.42851 0.0834974 47.9821 0.428365 -0.903372 -0.0205569 381.082 0.0842381 0.017273 0.996296 13.2927
-0.901442 -0.425552 0.0794213 46.2168 0.425743 -0.904714 -0.0153616 381.917 0.0783907 0.0199655 0.996723 13.4806
-0.902034 -0.424179 0.0800473 44.4962 0.424977 -0.905172 -0.00762749 382.72 0.075692 0.027138 0.996762 13.6596
