0.478682 -0.87775 0.0204598 0.683951 0.877971 0.478687 -0.00496789 0.553054 -0.0054333 0.0203412 0.999778 0.788652
0.476247 -0.879205 0.0136666 1.53632 0.879308 0.476229 -0.00476002 2.19633 -0.00232339 0.0142841 0.999895 0.770765
0.473843 -0.880515 0.0129318 2.33298 0.880603 0.473844 -0.00314601 3.75283 -0.00335755 0.0128785 0.999911 0.791891
0.471412 -0.881799 0.0142066 3.20372 0.881901 0.471429 -0.00236803 5.39555 -0.00460926 0.0136451 0.999896 0.80856
0.469096 -0.883005 0.0158677 4.06926 0.883142 0.469083 -0.00477133 7.00024 -0.00323015 0.0162516 0.999863 0.82554
0.46817 -0.88351 0.0150766 4.96138 0.883602 0.468238 0.00107239 8.69834 -0.00800689 0.0128196 0.999886 0.805012
0.470084 -0.882413 0.0192164 5.8482 0.882524 0.470245 0.00466153 10.3386 -0.0131498 0.0147677 0.999805 0.808048
0.473358 -0.880572 0.0229072 6.7354 0.880787 0.473511 0.00146267 12.0564 -0.0121348 0.0194839 0.999737 0.797374
0.475671 -0.8794 0.0198204 7.6078 0.879601 0.4757 -0.00350923 13.6927 -0.00634255 0.0191033 0.999798 0.793671
0.476506 -0.879023 0.0161379 8.56867 0.879114 0.476604 0.00266138 15.4294 -0.0100308 0.0129189 0.999867 0.825544
0.475789 -0.878968 0.0322443 9.50935 0.879456 0.475976 -0.00210256 17.1495 -0.0134994 0.0293578 0.999478 0.808267
0.472494 -0.880514 0.0380114 10.4292 0.881296 0.472436 -0.0110604 18.8669 -0.00821912 0.0387253 0.999216 0.789342
0.469818 -0.882261 0.0298029 11.3851 0.88273 0.469831 -0.00697966 20.6477 -0.00784447 0.0295871 0.999532 0.78676
0.467739 -0.883413 0.0283243 12.3085 0.883787 0.467889 -0.00151564 22.4558 -0.0119137 0.0257415 0.999598 0.785623
0.466599 -0.883961 0.0299994 13.2565 0.884294 0.466915 0.00412616 24.1834 -0.0176545 0.024603 0.999542 0.768885
0.466486 -0.883969 0.0314857 14.1775 0.88429 0.466893 0.00667389 26.0274 -0.0205999 0.0247292 0.999482 0.734058
0.466685 -0.883806 0.0330701 15.1063 0.88425 0.46701 0.00244625 27.7934 -0.017606 0.0281006 0.999451 0.69718
0.464492 -0.885001 0.0319768 16.0098 0.885396 0.464826 0.00351038 29.5474 -0.0179703 0.0266816 0.999483 0.708819
0.464135 -0.885117 0.0338795 16.9151 0.885583 0.464477 0.00256284 31.2773 -0.0180046 0.0288136 0.999423 0.684496
0.462975 -0.885923 0.0282058 17.8175 0.886294 0.463124 -0.00141055 33.1023 -0.0118131 0.0256517 0.999602 0.698476
0.462443 -0.886137 0.0301453 18.7072 0.886474 0.462762 0.00421073 34.7965 -0.0176814 0.0247758 0.999537 0.683824
0.462129 -0.886171 0.0337711 19.6279 0.886635 0.462466 0.00248072 36.5379 -0.0178163 0.0287963 0.999427 0.680656
0.461161 -0.886622 0.0351387 20.5284 0.887144 0.461493 0.00152153 38.2312 -0.0175652 0.0304714 0.999382 0.666947
0.459175 -0.887329 0.0425061 21.404 0.887994 0.459815 0.00617839 39.9373 -0.0250272 0.0349082 0.999078 0.674667
0.457748 -0.887941 0.0450468 22.2549 0.888668 0.458495 0.00732917 41.6329 -0.0271616 0.0366767 0.998959 0.637684
0.455321 -0.889342 0.0418948 23.0885 0.890207 0.455533 -0.00489609 43.2547 -0.0147301 0.0395243 0.999111 0.608289
0.454102 -0.890352 0.0326502 23.9089 0.890802 0.454391 0.00162524 44.9249 -0.016283 0.0283469 0.999466 0.604654
0.451537 -0.891665 0.0323949 24.661 0.892059 0.4519 0.00449167 46.4389 -0.0186443 0.02687 0.999466 0.602798
0.448702 -0.89304 0.0338981 25.4084 0.893481 0.449083 0.00420226 47.9962 -0.0189759 0.0284018 0.999417 0.590546
0.446411 -0.894167 0.0344236 26.1334 0.894583 0.44686 0.00625631 49.4694 -0.0209767 0.0280018 0.999388 0.582839
0.444655 -0.895167 0.0309823 26.8788 0.895327 0.445205 0.013591 50.9359 -0.0259596 0.021696 0.999428 0.557268
0.44099 -0.896954 0.0316806 27.8239 0.897277 0.441409 0.00737462 52.9586 -0.0205988 0.0251741 0.999472 0.533962
0.438913 -0.898348 0.0181 28.7359 0.898406 0.439099 0.00784465 54.8436 -0.0149949 0.012818 0.999806 0.550081
0.436879 -0.899118 0.0269188 29.5783 0.899461 0.437002 -0.00144227 56.5882 -0.0104668 0.0248424 0.999637 0.570928
0.443945 -0.895665 0.0264377 30.3348 0.89601 0.444026 -0.00304718 58.1713 -0.00900978 0.0250412 0.999647 0.563596
0.459267 -0.88749 0.0379003 31.1244 0.888107 0.459638 0.00121183 59.658 -0.0184959 0.0331029 0.999282 0.571797
0.496476 -0.867567 0.0290061 31.8196 0.867771 0.496889 0.00886909 61.0552 -0.0221073 0.0207673 0.999541 0.553195
0.591474 -0.805525 0.0359038 32.9695 0.805774 0.59213 0.0106353 62.5254 -0.0298267 0.0226398 0.9993 0.540083
0.724591 -0.688155 0.0375859 34.1016 0.688229 0.725379 0.0129996 63.7427 -0.0362097 0.0164483 0.99921 0.501422
0.866891 -0.497248 0.0352941 35.4839 0.497205 0.86757 0.0106353 64.6386 -0.0359085 0.00832871 0.999322 0.451943
0.978763 -0.200933 0.040625 37.3608 0.200691 0.979605 0.0100082 65.1278 -0.0418074 -0.00164257 0.999126 0.420163
0.991469 0.125125 0.0365357 39.5676 -0.125341 0.992108 0.00368729 64.9691 -0.0357859 -0.00823526 0.999327 0.361355
0.952889 0.300851 0.0386418 41.3478 -0.301254 0.953533 0.00492485 64.4459 -0.0353645 -0.0163338 0.999242 0.291815
0.921361 0.388282 0.0182453 42.8055 -0.388325 0.921523 -0.00127507 63.7516 -0.0173085 -0.00591032 0.999834 0.267864
0.895269 0.444751 0.0262868 44.5195 -0.444918 0.895573 0.00056596 62.9334 -0.02329 -0.0122022 0.999655 0.235997
0.880167 0.474058 0.0240242 45.9315 -0.474032 0.88048 -0.00711272 62.1847 -0.0245246 -0.00512788 0.999687 0.18257
0.871254 0.490335 0.0221293 47.4187 -0.490316 0.871521 -0.00662302 61.264 -0.0225336 -0.00508 0.999734 0.151292
0.865267 0.500866 0.021159 49.137 -0.500787 0.865523 -0.0092866 60.2999 -0.0229649 -0.00256074 0.999734 0.122352
0.863901 0.503305 0.0189866 50.9131 -0.503118 0.864107 -0.0139371 59.2627 -0.023421 0.00248778 0.999724 0.094661
0.866883 0.498271 0.0155547 52.183 -0.497953 0.866967 -0.0203711 58.5394 -0.0236357 0.00991381 0.999673 0.0751123
0.871105 0.490813 0.0167682 53.5324 -0.490522 0.87123 -0.0187299 57.8038 -0.0238018 0.00809054 0.999685 0.0485679
0.874153 0.485212 0.0206994 54.8983 -0.484883 0.874374 -0.0190243 57.0444 -0.0273297 0.00659334 0.999606 -0.0398435
0.878657 0.476923 0.0225603 56.2876 -0.47658 0.878927 -0.0190413 56.2806 -0.02891 0.00597897 0.999565 -0.0718181
0.881038 0.472617 0.0202003 57.6521 -0.472521 0.88127 -0.00957429 55.5125 -0.0223268 -0.00110978 0.999751 -0.112525
0.882154 0.47059 0.0187262 59.1815 -0.470588 0.882342 -0.00481254 54.7418 -0.0187876 -0.00456693 0.999814 -0.123754
0.882351 0.470077 0.0220528 60.5842 -0.470139 0.88259 -0.00258477 53.9825 -0.0206786 -0.00808723 0.999755 -0.120024
0.88214 0.470245 0.0264606 62.0652 -0.470464 0.882418 0.00241075 53.2129 -0.0222155 -0.0145754 0.999648 -0.133412
0.882001 0.470456 0.0273376 63.5743 -0.470779 0.882229 0.00653114 52.4503 -0.0210453 -0.0186305 0.999606 -0.161182
0.879211 0.475578 0.0285624 65.0373 -0.475941 0.87945 0.00723154 51.7118 -0.02168 -0.0199521 0.999567 -0.171713
0.873921 0.484756 0.0357213 66.556 -0.48543 0.874181 0.0130138 50.9217 -0.0249183 -0.0287132 0.999278 -0.17627
0.865476 0.499729 0.0349908 67.9749 -0.500358 0.86574 0.0118075 50.1537 -0.0243923 -0.027727 0.999319 -0.189184
0.855009 0.517444 0.0348488 69.4112 -0.518069 0.855262 0.0115986 49.3179 -0.0238032 -0.027971 0.999327 -0.213247
0.843177 0.536442 0.0358578 70.7434 -0.537055 0.843493 0.00972802 48.5093 -0.0250272 -0.02746 0.999311 -0.213617
0.831483 0.554406 0.0356566 72.07 -0.554998 0.831808 0.00876848 47.6194 -0.0247981 -0.0270802 0.999327 -0.24455
0.819619 0.571878 0.0343749 73.3705 -0.572479 0.819855 0.0104182 46.7333 -0.0222244 -0.0282178 0.999356 -0.248801
0.808861 0.587044 0.0335629 74.5887 -0.587633 0.809058 0.0107814 45.8522 -0.0208251 -0.0284433 0.99938 -0.270031
0.798098 0.60163 0.0329035 75.7292 -0.60217 0.798318 0.00909236 44.964 -0.0207972 -0.0270701 0.999419 -0.270281
0.789154 0.613268 0.0337752 76.9386 -0.613724 0.789512 0.0041642 44.0458 -0.0241121 -0.0240148 0.999422 -0.276299
0.784595 0.619029 0.0348888 78.5909 -0.619382 0.785092 -0.000847339 42.7422 -0.0279153 -0.0209447 0.999393 -0.30403
0.786647 0.616754 0.0283421 80.158 -0.616842 0.787062 -0.00656572 41.5466 -0.0263563 -0.0123177 0.999578 -0.311731
0.800992 0.598045 0.0274929 81.6047 -0.59816 0.801365 -0.00473537 40.4081 -0.0248637 -0.0126522 0.999613 -0.352002
0.830922 0.555944 0.0222968 82.962 -0.556006 0.831172 -0.00386404 39.4802 -0.0206806 -0.00918645 0.999746 -0.349942
0.873423 0.486581 0.0193107 84.2669 -0.486697 0.873572 0.00151364 38.7358 -0.0161328 -0.0107205 0.999814 -0.366615
0.927964 0.37173 0.026509 85.6965 -0.371896 0.928276 0.00142872 38.1398 -0.0240765 -0.0111844 0.999649 -0.394253
0.98686 0.158756 0.0301296 87.6831 -0.158847 0.987305 0.000684664 37.8778 -0.0296383 -0.0054617 0.999548 -0.37079
0.993168 -0.115788 0.0145919 89.5971 0.115804 0.993274 -0.00016089 38.0495 -0.0144751 0.00184955 0.999896 -0.420372
0.922848 -0.384583 0.0212177 91.4084 0.38468 0.923052 -0.000490342 38.7151 -0.0193965 0.0086145 0.999777 -0.442985
0.805606 -0.591501 0.0336119 93.0268 0.591429 0.806253 0.0131238 39.7331 -0.0348624 0.00930642 0.999351 -0.467418
0.733414 -0.679361 0.0240159 94.0769 0.679047 0.733806 0.0207249 40.6273 -0.0317027 0.00110793 0.999499 -0.537967
0.702711 -0.710977 0.0266986 95.2685 0.710795 0.703186 0.0174838 41.7434 -0.0312046 0.00669116 0.999493 -0.557739
0.687396 -0.726157 0.01361 96.241 0.725729 0.687482 0.0262765 42.959 -0.0284375 -0.00818524 0.999564 -0.622634
0.689694 -0.724083 0.00551184 97.3694 0.723928 0.689673 0.0168568 44.1958 -0.0160071 -0.0076359 0.999845 -0.649335
0.700724 -0.713432 -0.0020186 98.5654 0.713275 0.700504 0.0231949 45.4876 -0.0151339 -0.0176931 0.999731 -0.658962
0.711537 -0.70261 0.0076553 99.9932 0.702199 0.711427 0.0281637 46.7925 -0.0252342 -0.014664 0.999576 -0.697103
0.712625 -0.701385 0.0150653 101.379 0.701296 0.712781 0.0115259 48.2134 -0.0188223 0.00235152 0.999822 -0.708234
0.708771 -0.70544 0.00137292 102.876 0.705328 0.70869 0.0165808 49.7348 -0.0126697 -0.0107837 0.999864 -0.751251
0.706423 -0.707717 0.0103111 103.94 0.707375 0.706431 0.024094 50.7955 -0.0243358 -0.0097268 0.999659 -0.768823
0.702958 -0.71119 0.00791156 104.972 0.710927 0.702937 0.021618 51.8786 -0.0209358 -0.00957203 0.999737 -0.782466
0.698035 -0.716065 -0.000326448 106.039 0.715972 0.697936 0.0165579 53.0116 -0.0116287 -0.0117917 0.999865 -0.775936
0.692293 -0.721614 0.00271048 107.2 0.721476 0.692225 0.0173636 54.1747 -0.014406 -0.0100651 0.999848 -0.806775
0.689311 -0.724444 0.00585184 108.317 0.724205 0.689255 0.0214256 55.3624 -0.019555 -0.010531 0.999756 -0.85546
0.6885 -0.725188 0.00857729 109.445 0.7249 0.688492 0.0224488 56.5357 -0.0221849 -0.00923833 0.999714 -0.886352
0.688887 -0.724854 0.00510222 110.588 0.724591 0.688798 0.0229873 57.7744 -0.0201768 -0.0121386 0.999725 -0.906009
0.691453 -0.722415 -0.00349032 111.693 0.722182 0.691087 0.0292656 59.0103 -0.0187298 -0.0227564 0.999568 -0.930893
0.695187 -0.718789 -0.00783425 112.904 0.718562 0.694585 0.0349974 60.3356 -0.0197142 -0.0299591 0.999359 -0.949031
0.698442 -0.715661 -0.00345782 114.124 0.715448 0.698096 0.0282989 61.6058 -0.0178385 -0.022239 0.999596 -0.952452
0.698891 -0.71523 0.00165106 115.336 0.715024 0.698741 0.022518 62.8118 -0.0172592 -0.0145571 0.999748 -0.957356
0.701093 -0.71307 0.001979 116.538 0.712675 0.700791 0.0314811 64.0347 -0.0238351 -0.0206608 0.999505 -1.00965
0.702896 -0.711294 0.00187379 117.727 0.710908 0.702596 0.0312101 65.2887 -0.023516 -0.0206053 0.999514 -1.0282
0.703205 -0.710968 -0.00567104 118.937 0.710989 0.703159 0.00826394 66.4655 -0.00188776 -0.0098433 0.999953 -1.02792
0.700878 -0.713193 0.0114048 120.13 0.712639 0.700834 0.0313575 67.7229 -0.0303568 -0.0138503 0.999446 -1.04265
0.699466 -0.714401 0.0195576 121.314 0.713658 0.69967 0.0340495 68.9442 -0.0380088 -0.009859 0.999232 -1.07005
0.698256 -0.715851 -0.000635814 122.44 0.715716 0.698105 0.0201168 70.1446 -0.0139568 -0.0145018 0.9998 -1.11521
0.694662 -0.719338 -0.00112749 123.599 0.719166 0.694459 0.0230543 71.3258 -0.0158008 -0.0168258 0.999736 -1.10078
0.687793 -0.725909 -0.000656154 124.718 0.725768 0.687639 0.020447 72.5433 -0.0143914 -0.0145395 0.999794 -1.09033
0.683608 -0.729826 -0.0062766 125.823 0.729713 0.683281 0.0255272 73.7576 -0.0143417 -0.0220307 0.999658 -1.10139
0.682063 -0.731277 -0.00536291 126.988 0.731051 0.681624 0.0309634 74.9963 -0.0189873 -0.0250395 0.999509 -1.10747
0.678574 -0.734518 -0.00502284 128.061 0.734353 0.678236 0.0269441 76.1724 -0.0163842 -0.0219721 0.999627 -1.11419
0.671451 -0.741049 -0.00216971 129.187 0.740941 0.671296 0.0193037 77.4219 -0.0128484 -0.0145691 0.999814 -1.10956
0.661127 -0.750259 0.00529472 130.247 0.749855 0.660974 0.0288977 78.618 -0.0251804 -0.0151348 0.999571 -1.18575
0.654801 -0.755755 0.00861067 131.279 0.754967 0.654569 0.0396098 79.8449 -0.0355715 -0.0194358 0.999181 -1.23677
0.646557 -0.762865 0.0021388 132.35 0.762488 0.64632 0.0297982 81.0961 -0.0241143 -0.0176354 0.999557 -1.21182
0.636839 -0.770998 0.00172087 133.379 0.77075 0.636687 0.0240565 82.3191 -0.0196432 -0.0139938 0.999712 -1.21019
0.624157 -0.781285 -0.00515111 134.374 0.780997 0.623714 0.0321056 83.6485 -0.0218708 -0.0240619 0.999474 -1.27167
0.610752 -0.791741 -0.0115486 135.386 0.791709 0.610345 0.0261133 84.9509 -0.0136263 -0.0250919 0.999595 -1.26006
0.598081 -0.801385 -0.00931221 136.373 0.801135 0.597492 0.0345218 86.3065 -0.0221012 -0.0281071 0.999364 -1.3266
0.584789 -0.811148 -0.00806949 137.333 0.810679 0.58404 0.0412736 87.6984 -0.0287661 -0.0306781 0.999119 -1.34843
0.576121 -0.817322 -0.00861829 138.308 0.816779 0.575274 0.0440177 89.052 -0.0310187 -0.0323987 0.998997 -1.35934
0.569363 -0.821832 -0.0205529 139.22 0.821831 0.568378 0.0393118 90.4182 -0.0206259 -0.0392736 0.999019 -1.37105
0.563974 -0.825479 -0.0228652 140.174 0.825474 0.562764 0.0435301 91.8272 -0.0230654 -0.0434244 0.998794 -1.39835
0.558866 -0.829072 -0.0176912 141.089 0.828402 0.557188 0.0574289 93.2166 -0.0377553 -0.0467504 0.998196 -1.44033
0.551024 -0.834449 -0.00848739 141.985 0.834 0.550321 0.0399655 94.5551 -0.0286783 -0.0291004 0.999169 -1.45949
0.539374 -0.841886 -0.017589 142.863 0.841734 0.538451 0.039492 95.9796 -0.0237769 -0.0361062 0.999069 -1.50249
0.527001 -0.849761 -0.0134464 143.768 0.849249 0.525946 0.0465062 97.3237 -0.032447 -0.0359281 0.998831 -1.54696
0.517204 -0.855864 0.00112336 144.638 0.85514 0.516819 0.0405013 98.7593 -0.0352441 -0.0199868 0.999183 -1.61719
0.507718 -0.861269 0.0210619 145.482 0.861271 0.508011 0.0120009 100.172 -0.0210357 0.0120469 0.99971 -1.58783
0.495575 -0.868413 0.0164487 146.365 0.868319 0.495797 0.0146325 101.704 -0.0208622 0.00703117 0.999761 -1.63188
0.486625 -0.873439 0.0174774 147.213 0.872683 0.486932 0.0364434 103.217 -0.0403413 -0.00248207 0.999187 -1.70986
0.481226 -0.876405 0.0184643 148.033 0.875892 0.481577 0.03006 104.744 -0.0352367 0.00170703 0.999381 -1.72387
0.477554 -0.878605 -0.000299621 148.761 0.878405 0.477437 0.02157 106.201 -0.0188084 -0.010564 0.999771 -1.73357
0.474439 -0.880248 0.00875446 149.602 0.879848 0.474491 0.02706 107.778 -0.0279734 -0.00513575 0.999599 -1.74109
0.472679 -0.881175 0.010522 150.386 0.880497 0.472737 0.0353882 109.272 -0.0361572 -0.00746265 0.999322 -1.81449
0.469457 -0.882884 0.0114839 151.174 0.882748 0.469589 0.015789 110.742 -0.0193325 0.00272513 0.999813 -1.84181
0.466433 -0.884493 0.0109237 151.985 0.884401 0.466547 0.0132663 112.269 -0.0168303 0.0034731 0.999856 -1.86064
0.464603 -0.885347 0.0176419 152.728 0.884983 0.464923 0.0256647 113.802 -0.0309242 0.00368881 0.999519 -1.88352
0.463744 -0.885722 0.0210766 153.482 0.885625 0.464097 0.0170069 115.33 -0.0248449 0.0107791 0.999637 -1.91232
0.462941 -0.886236 0.0166879 154.251 0.886034 0.463207 0.0197684 116.851 -0.0252493 0.00563445 0.999669 -1.94193
0.462017 -0.88679 0.0122717 155.022 0.886352 0.462175 0.0279551 118.397 -0.0304619 -0.00203868 0.999538 -1.97285
0.461135 -0.887254 0.0118366 155.795 0.886887 0.461285 0.0256 119.883 -0.0281737 -0.00130736 0.999606 -1.97298
0.458455 -0.888706 0.00523451 156.48 0.888443 0.45845 0.0223729 121.31 -0.0222826 -0.0056064 0.99974 -2.0183
0.454951 -0.890437 0.0121606 157.226 0.889663 0.455069 0.0376633 122.765 -0.0390706 -0.00631614 0.99922 -2.13744
0.454773 -0.890373 0.0205911 158.24 0.890046 0.455186 0.0251154 124.774 -0.0317347 0.00690516 0.999476 -2.10357
0.458108 -0.888774 0.0149517 159.141 0.888678 0.458305 0.0147068 126.678 -0.0199234 0.0065499 0.999784 -2.12476
0.47237 -0.881172 0.0202298 160.088 0.880802 0.472771 0.0261359 128.51 -0.0325941 0.00547259 0.999458 -2.16389
0.488676 -0.872295 0.0173915 161.003 0.871992 0.488971 0.0233429 130.303 -0.0288658 0.00375813 0.99958 -2.19674
0.508929 -0.860796 0.00520181 161.977 0.860676 0.508947 0.0147087 132.023 -0.0153086 -0.00300866 0.999882 -2.1854
0.521907 -0.852863 0.0156534 162.975 0.85253 0.522141 0.0238609 133.618 -0.0285232 0.000891827 0.999597 -2.19836
0.526082 -0.8503 0.015274 164.005 0.849786 0.526297 0.0297143 135.295 -0.0333046 -0.00265252 0.999446 -2.26877
0.524644 -0.851245 0.0117214 165.061 0.850665 0.52473 0.032185 136.976 -0.0335478 -0.00691471 0.999417 -2.31381
0.520147 -0.854073 0.00354491 166.048 0.853971 0.520142 0.0138888 138.692 -0.0137059 -0.00419696 0.999901 -2.33405
0.508642 -0.860884 0.0129884 167.076 0.860003 0.508725 0.0400193 140.437 -0.0410594 -0.00918548 0.999119 -2.41602
0.500372 -0.865632 0.0177672 168.156 0.864619 0.500654 0.0422813 142.212 -0.0454952 -0.00579453 0.998952 -2.49634
0.495173 -0.868368 0.0273316 169.186 0.868075 0.495799 0.0252416 144.045 -0.0354699 0.0112268 0.999312 -2.52782
0.493315 -0.868896 0.0408164 169.961 0.868808 0.49448 0.0258708 145.289 -0.0426618 0.022699 0.998836 -2.5639
0.489911 -0.870313 0.0504884 170.964 0.871082 0.49101 0.0114897 147.091 -0.0347898 0.0383505 0.998663 -2.60933
0.489741 -0.87013 0.0550863 171.745 0.870865 0.491234 0.01706 148.325 -0.0419045 0.0396176 0.99834 -2.67857
0.488346 -0.870607 0.0597325 172.718 0.871844 0.489699 0.00960702 150.08 -0.0376147 0.0473856 0.998172 -2.72679
0.489256 -0.870697 0.0502304 173.659 0.871768 0.489926 0.00119708 151.855 -0.0256514 0.0432034 0.998741 -2.78416
0.489169 -0.870265 0.0579634 174.678 0.871187 0.490716 0.0154623 153.578 -0.0418997 0.0429331 0.998203 -2.83215
0.482714 -0.873285 0.0660818 175.556 0.874593 0.484616 0.0155836 155.096 -0.0456331 0.050272 0.997697 -2.89982
0.455978 -0.886995 0.0730163 176.294 0.889138 0.457605 0.00639511 156.499 -0.0390849 0.0620053 0.997314 -2.94053
0.375217 -0.92373 0.0770823 177.034 0.926224 0.3769 0.00803248 158.37 -0.036472 0.0683813 0.996997 -3.00224
0.234519 -0.96954 0.0707055 177.491 0.9719 0.235381 0.00400193 160.123 -0.0205227 0.0677798 0.997493 -3.03521
-0.0252389 -0.999566 0.0154375 177.49 0.999645 -0.0250955 0.00945947 162.429 -0.00906795 0.0156707 0.99984 -3.06613
-0.257119 -0.966273 -0.014639 177.025 0.965867 -0.257448 0.0288293 164.223 -0.0316256 -0.00672677 0.999481 -3.11528
-0.470605 -0.882012 -0.0243597 176.18 0.881368 -0.471205 0.0341335 165.792 -0.0415844 -0.00540643 0.999125 -3.11756
-0.661481 -0.749957 -0.00377404 175.115 0.74966 -0.661348 0.0252536 167.074 -0.021435 0.0138755 0.999678 -3.15516
-0.762956 -0.646435 -0.00523645 174.02 0.646162 -0.76283 0.0239874 168.019 -0.0195007 0.0149177 0.999703 -3.19551
-0.82656 -0.562851 -0.00244903 172.781 0.562709 -0.826436 0.0192642 168.853 -0.0128668 0.0145449 0.999816 -3.2127
-0.862497 -0.506069 -0.000889285 171.427 0.50603 -0.862452 0.0109794 169.645 -0.00632327 0.00901965 0.999944 -3.20475
-0.878437 -0.477867 0.000384604 169.923 0.477865 -0.878434 0.00281645 170.328 -0.00100806 0.00265787 1 -3.19916
-0.882415 -0.47048 0.000633583 168.228 0.47048 -0.882416 0.00102645 171.165 7.6144e-05 0.00120386 1 -3.19107
-0.881411 -0.472352 0.00238392 166.419 0.472354 -0.881414 0.000617886 172.127 0.00180933 0.00167068 1 -3.17492
-0.881285 -0.472556 0.00594074 165.113 0.472564 -0.881302 0.000139616 172.825 0.00516958 0.00293043 0.999987 -3.16673
-0.880211 -0.474536 0.00722438 163.784 0.474552 -0.880233 0.000713942 173.576 0.00602031 0.00405677 0.999978 -3.15699
-0.877603 -0.479345 0.00700298 162.299 0.479365 -0.87762 0.00155385 174.343 0.00540108 0.00472066 0.999979 -3.14479
-0.876316 -0.481673 0.00821242 160.774 0.48172 -0.876316 0.00506808 175.177 0.00475547 0.00839732 0.999958 -3.13923
-0.874926 -0.484246 0.00413416 159.229 0.484263 -0.874888 0.0083637 176.004 -0.000433175 0.00931962 0.999961 -3.13268
-0.874132 -0.485696 2.69473e-05 157.632 0.485674 -0.874094 0.00949051 176.883 -0.00458594 0.00830904 0.999959 -3.15752
-0.875497 -0.483208 0.00469704 156.071 0.483231 -0.875455 0.00875455 177.742 -0.000118244 0.00993432 0.999955 -3.12886
-0.87761 -0.479355 0.00517411 154.498 0.479382 -0.877538 0.0114017 178.602 -0.000925002 0.0124866 0.999926 -3.11244
-0.880978 -0.473162 0.00189133 152.953 0.473075 -0.880726 0.0230682 179.416 -0.00924921 0.0212172 0.999736 -3.11282
-0.883702 -0.468053 0.0020361 151.368 0.467956 -0.883412 0.0246931 180.278 -0.00975897 0.0227741 0.999697 -3.11871
-0.885459 -0.464699 0.00496368 149.826 0.464682 -0.885185 0.0229964 181.069 -0.0062926 0.0226688 0.999728 -3.08919
-0.887275 -0.461231 0.00412694 148.281 0.461222 -0.887093 0.0187249 181.83 -0.00497553 0.0185176 0.99982 -3.07914
-0.887763 -0.460256 0.00705171 146.734 0.460309 -0.88768 0.0122442 182.59 0.000624167 0.0141159 0.999905 -3.05691
-0.886604 -0.462476 0.00750586 145.222 0.462531 -0.886557 0.00953115 183.39 0.00224642 0.011922 0.999931 -3.00967
-0.884733 -0.466045 0.00758278 143.645 0.466105 -0.884662 0.0113747 184.197 0.00140705 0.0135979 0.999911 -2.99761
-0.883246 -0.468816 0.00975629 142.18 0.468917 -0.883073 0.0175721 184.959 0.000377436 0.0200953 0.999802 -2.96189
-0.881474 -0.472007 0.0148718 140.697 0.472241 -0.880983 0.029468 185.752 -0.000807355 0.0329982 0.99946 -2.97993
-0.880303 -0.474102 0.0173802 139.205 0.47442 -0.879758 0.031031 186.54 0.000578448 0.0355621 0.999372 -2.92965
-0.880098 -0.474709 0.0092638 137.721 0.47476 -0.879608 0.0300683 187.347 -0.00612519 0.030861 0.999509 -2.93266
-0.882359 -0.470439 0.0117284 136.31 0.470526 -0.881587 0.0376821 188.097 -0.00738747 0.0387675 0.999225 -2.93335
-0.88511 -0.465096 0.0165782 134.845 0.465389 -0.884433 0.0346724 188.843 -0.00146372 0.038404 0.999266 -2.87897
-0.889677 -0.456349 0.015107 133.388 0.456598 -0.889242 0.0278534 189.563 0.000722879 0.0316783 0.999503 -2.86526
-0.894015 -0.447932 0.0100955 131.935 0.448044 -0.893736 0.0224183 190.256 -0.00101923 0.0245654 0.999703 -2.82081
-0.897817 -0.440338 0.00598502 130.461 0.440367 -0.897615 0.0193288 190.929 -0.00313897 0.0199892 0.9998 -2.8261
-0.900075 -0.435743 0.000960024 129.04 0.435727 -0.900019 0.0108732 191.585 -0.00387393 0.010205 0.999946 -2.80495
-0.901266 -0.433274 -6.05399e-05 127.646 0.433261 -0.901242 0.00762562 192.199 -0.00335858 0.00684648 0.999976 -2.79623
-0.901257 -0.433287 -0.00255703 126.285 0.433276 -0.901258 0.00400323 192.794 -0.00403912 0.00250005 0.999994 -2.78184
-0.90078 -0.434249 -0.00569732 124.358 0.434257 -0.900795 -0.000234974 193.681 -0.00503008 -0.00268573 0.999989 -2.75998
-0.896839 -0.442296 -0.00794657 122.559 0.44234 -0.896839 -0.005001 194.562 -0.00491488 -0.00800013 0.999961 -2.73445
-0.892945 -0.450135 -0.00610722 120.911 0.450161 -0.892945 -0.00385152 195.369 -0.00371971 -0.00618839 0.999979 -2.71297
-0.888151 -0.459509 -0.00691979 119.384 0.459539 -0.888157 -0.00359377 196.103 -0.00449448 -0.0063717 0.999975 -2.68946
-0.881729 -0.471721 -0.00638937 117.978 0.471744 -0.881738 -0.00267977 196.867 -0.00436969 -0.00537695 0.999981 -2.6631
-0.872558 -0.488485 -0.00586511 116.412 0.488447 -0.872573 0.00679207 197.755 -0.00843559 0.00306168 0.999965 -2.67452
-0.861675 -0.507465 -0.00213301 115.068 0.507379 -0.861594 0.0152846 198.478 -0.00959419 0.012088 0.999886 -2.62311
-0.848371 -0.529401 -0.00308342 113.687 0.529338 -0.848339 0.0115746 199.288 -0.00874344 0.00818738 0.999934 -2.58743
-0.838125 -0.545157 0.0189314 112.496 0.545326 -0.838216 0.00490527 200.114 0.0131943 0.014435 0.999814 -2.58235
-0.795624 -0.605307 0.0243894 111.339 0.605487 -0.795862 1.83195e-05 200.929 0.0193993 0.014782 0.999708 -2.56897
-0.689265 -0.724228 0.0204106 110.102 0.724498 -0.689171 0.0124966 202.119 0.00501587 0.0234008 0.999719 -2.56983
-0.513036 -0.858313 0.010104 109.232 0.858181 -0.512639 0.0271352 203.458 -0.0181107 0.0225923 0.999586 -2.62082
-0.249746 -0.968093 0.0207506 108.726 0.968026 -0.24909 0.0298372 205.221 -0.0237164 0.0275388 0.999344 -2.6111
0.0635426 -0.997628 0.026633 108.761 0.997538 0.0642891 0.0282044 207.313 -0.0298496 0.0247751 0.999252 -2.66098
0.273376 -0.961431 0.0304079 109.265 0.961403 0.274123 0.0238809 209.147 -0.0312952 0.0227056 0.999257 -2.73832
0.385513 -0.922152 0.0320033 110.001 0.922018 0.386334 0.0252812 210.757 -0.0356769 0.0197613 0.999173 -2.79901
0.449552 -0.892484 0.0372037 110.878 0.892367 0.450574 0.0259516 212.393 -0.0399243 0.0215326 0.998976 -2.88182
0.478911 -0.877127 0.0360884 111.83 0.876921 0.4799 0.0267748 214.16 -0.0408035 0.0188237 0.998995 -2.96996
0.492255 -0.869685 0.0366264 112.862 0.869535 0.493234 0.0252841 216.022 -0.0400544 0.0194016 0.999014 -3.04483
0.496067 -0.867454 0.0380786 113.601 0.867245 0.497144 0.0272861 217.376 -0.0425998 0.0194876 0.998908 -3.1202
0.497137 -0.866663 0.0419261 114.331 0.866522 0.498389 0.0275596 218.674 -0.0447802 0.0226288 0.998746 -3.1766
0.494534 -0.868234 0.0401918 115.141 0.868206 0.495631 0.0240639 220.15 -0.0408132 0.0229942 0.998908 -3.24612
0.492955 -0.869285 0.0367177 115.948 0.869416 0.493775 0.0176889 221.598 -0.0335069 0.023203 0.999175 -3.32067
0.492929 -0.869734 0.02435 116.785 0.869276 0.493483 0.0290707 223.101 -0.0372999 0.00683696 0.999286 -3.30819
0.492695 -0.86937 0.0381477 117.679 0.86887 0.493895 0.0338028 224.643 -0.0482279 0.0164907 0.998706 -3.47102
0.49194 -0.869664 0.0411015 118.585 0.869571 0.493124 0.0261779 226.23 -0.0430339 0.0228626 0.998817 -3.49904
0.490536 -0.870691 0.0357876 119.51 0.870835 0.491303 0.016708 227.928 -0.0321299 0.022969 0.999225 -3.58494
0.489192 -0.871576 0.0325042 120.467 0.87156 0.489911 0.0195156 229.611 -0.0329334 0.0187824 0.999286 -3.60375
0.488399 -0.871906 0.0354342 121.415 0.871539 0.489415 0.0300781 231.337 -0.0435671 0.0161921 0.998925 -3.68882
0.489307 -0.8713 0.0377527 122.401 0.870833 0.490477 0.0330601 233.121 -0.0473218 0.0166996 0.998746 -3.76755
0.48928 -0.871442 0.0347052 123.412 0.871177 0.490219 0.0273445 234.931 -0.0408421 0.0168551 0.999029 -3.82093
0.48843 -0.87195 0.0338876 124.428 0.871744 0.489307 0.0255588 236.776 -0.0388673 0.0170575 0.999104 -3.88774
0.485847 -0.873194 0.0386551 125.423 0.872936 0.486985 0.028965 238.571 -0.0441163 0.0196708 0.998838 -3.96846
0.482836 -0.874695 0.0422854 126.439 0.874861 0.483936 0.0208934 240.428 -0.0387386 0.0269056 0.998893 -4.03787
0.480376 -0.876153 0.040071 127.469 0.876467 0.481237 0.0150851 242.293 -0.0325003 0.0278742 0.999089 -4.11006
0.477334 -0.877872 0.0387622 128.467 0.877965 0.478294 0.0206129 244.135 -0.0366351 0.0241924 0.999042 -4.14845
0.474276 -0.879386 0.041873 129.462 0.879313 0.475508 0.0266951 246.019 -0.0433861 0.0241584 0.998772 -4.22411
0.473722 -0.879557 0.0444651 130.467 0.879578 0.475052 0.0260756 247.891 -0.044058 0.0267577 0.998676 -4.26362
0.473541 -0.879493 0.0475426 131.436 0.879852 0.474829 0.0202469 249.726 -0.0403814 0.0322424 0.99867 -4.34154
0.474139 -0.87945 0.0420748 132.427 0.879752 0.47513 0.0173297 251.578 -0.0352314 0.0287984 0.99897 -4.39607
0.474604 -0.879245 0.0411234 133.397 0.879398 0.475652 0.0206636 253.413 -0.0377286 0.0263566 0.998946 -4.47677
0.4752 -0.878898 0.0416487 134.376 0.878971 0.476331 0.0230493 255.209 -0.0400964 0.0256547 0.998872 -4.54356
0.476104 -0.878602 0.0373256 135.367 0.878209 0.477238 0.0317156 257.057 -0.0456783 0.0176796 0.998806 -4.61664
0.476543 -0.878435 0.035627 136.335 0.878017 0.477598 0.0316112 258.868 -0.0447835 0.0162169 0.998871 -4.67502
0.477698 -0.877764 0.0366866 137.269 0.877679 0.478657 0.0240817 260.651 -0.0386982 0.0206951 0.999042 -4.74348
0.47837 -0.877688 0.0289274 138.243 0.877416 0.479063 0.0255524 262.461 -0.0362849 0.0131577 0.999261 -4.80294
0.478611 -0.877636 0.0264149 139.219 0.877178 0.479256 0.0297421 264.309 -0.038762 0.00893556 0.999214 -4.84038
0.478219 -0.877741 0.0298193 140.187 0.877293 0.479006 0.0303668 266.086 -0.0409376 0.0116382 0.9991 -4.90793
0.479534 -0.877059 0.0287304 141.182 0.876584 0.48028 0.0307392 267.956 -0.0407586 0.010444 0.99912 -4.97549
0.481298 -0.875932 0.0332697 142.163 0.875614 0.482197 0.0282815 269.767 -0.040815 0.0155194 0.999052 -5.03837
0.482256 -0.875471 0.0314672 143.158 0.875056 0.483105 0.0300066 271.631 -0.0414717 0.0130645 0.99906 -5.12439
0.482921 -0.874921 0.0362091 144.174 0.874823 0.483861 0.0240314 273.481 -0.0385456 0.0200711 0.999061 -5.20592
0.483065 -0.875025 0.0314736 145.204 0.874875 0.483812 0.0230895 275.38 -0.035431 0.0163815 0.999244 -5.23486
0.483443 -0.874752 0.033204 146.234 0.874399 0.48435 0.0290731 277.28 -0.041514 0.0149782 0.999032 -5.32336
0.484039 -0.874288 0.0365614 147.284 0.873879 0.485131 0.0315697 279.189 -0.0453379 0.0166691 0.998839 -5.39993
0.483551 -0.874419 0.0397474 148.35 0.874149 0.484756 0.0298183 281.057 -0.0453412 0.0203263 0.998771 -5.46907
0.483105 -0.874519 0.0428609 149.375 0.874582 0.484306 0.0238273 282.961 -0.041595 0.025974 0.998803 -5.53679
0.482943 -0.874613 0.0427678 150.436 0.874554 0.484211 0.0266231 284.814 -0.0439933 0.0245451 0.998736 -5.58822
0.482323 -0.874421 0.0525703 151.455 0.874701 0.484007 0.0254575 286.679 -0.0477047 0.0337043 0.998299 -5.66321
0.481668 -0.874057 0.0634929 152.478 0.875309 0.483375 0.0140071 288.536 -0.0429337 0.0488288 0.99789 -5.72492
0.481342 -0.874288 0.0627847 153.455 0.875555 0.482961 0.0128391 290.305 -0.0415474 0.0487912 0.997951 -5.79039
0.479103 -0.875323 0.0654211 154.466 0.876588 0.48099 0.0159885 292.15 -0.0454618 0.0496869 0.997736 -5.86242
0.477566 -0.875738 0.0708836 155.441 0.877244 0.479759 0.0169678 293.921 -0.0488662 0.0540786 0.997347 -5.91486
0.475378 -0.876289 0.0783862 156.338 0.878548 0.47755 0.0105974 295.659 -0.0467195 0.0638278 0.996873 -5.97475
0.474224 -0.876855 0.0790468 157.26 0.879253 0.476293 0.00857191 297.383 -0.0451655 0.0654366 0.996841 -6.04358
0.472943 -0.877691 0.0774195 158.168 0.879963 0.474969 0.009099 299.074 -0.0447578 0.0638226 0.996964 -6.10083
0.472592 -0.877964 0.0764666 159.027 0.88008 0.474708 0.0112309 300.706 -0.0461595 0.0619887 0.997015 -6.16498
0.473106 -0.877869 0.0743476 159.877 0.880016 0.474899 0.0075197 302.271 -0.0419087 0.061869 0.997211 -6.20878
0.476192 -0.876106 0.0754406 160.695 0.878293 0.478071 0.00803572 303.804 -0.0431059 0.0624319 0.997125 -6.26102
0.478447 -0.874409 0.080675 161.493 0.877004 0.480456 0.0063979 305.292 -0.0443549 0.0676908 0.996727 -6.31071
0.481348 -0.872784 0.0810174 162.262 0.875346 0.483454 0.00746487 306.677 -0.0456831 0.0673246 0.996691 -6.35652
0.48445 -0.870661 0.0852573 163.013 0.873413 0.486904 0.00943259 307.982 -0.0497244 0.0698947 0.996321 -6.41001
0.487824 -0.868549 0.0875262 163.973 0.871837 0.489808 0.00137032 309.784 -0.044061 0.0756396 0.996168 -6.44541
0.489931 -0.867763 0.0834683 164.884 0.870669 0.491874 0.00315037 311.406 -0.0437894 0.0711293 0.996512 -6.51089
0.484881 -0.870174 0.0877458 165.698 0.873399 0.487009 0.00329324 312.836 -0.0455985 0.0750397 0.996144 -6.55671
0.450138 -0.889012 0.0839328 166.539 0.892225 0.451604 -0.00169754 314.541 -0.0363951 0.0756506 0.996477 -6.61192
0.366344 -0.927134 0.0789087 167.145 0.92996 0.367673 0.00250085 316.198 -0.0313311 0.0724653 0.996885 -6.66568
0.213896 -0.973859 0.0765479 167.481 0.976525 0.215229 0.00951613 317.948 -0.0257426 0.072715 0.997027 -6.69053
-0.0436883 -0.996938 0.0649395 167.445 0.998779 -0.0420644 0.0261789 320.14 -0.023367 0.0660035 0.997553 -6.72273
-0.286199 -0.955635 0.0697402 166.959 0.958027 -0.284107 0.0385026 321.983 -0.0169808 0.0778319 0.996829 -6.71112
-0.470485 -0.878322 0.0848893 166.285 0.882415 -0.468425 0.044008 323.328 0.00111103 0.0956121 0.995425 -6.69564
-0.642859 -0.760698 0.0898986 165.285 0.765362 -0.642653 0.0351026 324.542 0.0310709 0.0913705 0.995339 -6.68528
-0.781204 -0.618949 0.0814544 164.066 0.623252 -0.780751 0.0447143 325.546 0.0359194 0.085697 0.99568 -6.56553
-0.862721 -0.502553 0.0562624 162.549 0.504398 -0.863127 0.0246695 326.364 0.0361636 0.0496612 0.998118 -6.54717
-0.896567 -0.440882 0.0424693 160.896 0.442024 -0.896732 0.0223982 327.118 0.0282083 0.0388537 0.998854 -6.43312
-0.904065 -0.423472 0.0578878 159.222 0.424442 -0.905449 0.00503411 327.828 0.0502822 0.029121 0.998317 -6.40303
-0.902738 -0.425662 0.0623557 157.396 0.427149 -0.904107 0.0122005 328.713 0.0511826 0.0376489 0.997986 -6.22823
-0.901547 -0.428939 0.0568935 155.48 0.429994 -0.902811 0.00720645 329.563 0.0482726 0.0309607 0.998361 -6.14126
-0.898195 -0.43591 0.0569206 154.168 0.436722 -0.899602 0.00205213 330.15 0.0503109 0.0267016 0.998383 -6.05107
-0.894421 -0.44418 0.0522282 152.72 0.444673 -0.895698 -0.00241913 330.785 0.0478549 0.0210607 0.998639 -5.96332
-0.89109 -0.4513 0.0479487 151.296 0.451808 -0.892123 -0.000286612 331.536 0.0429052 0.0214081 0.998857 -5.89158
-0.88838 -0.456364 0.0502577 149.828 0.456787 -0.889578 -0.00338852 332.248 0.0462541 0.0199467 0.998738 -5.78809
-0.885457 -0.462419 0.0463312 148.226 0.462879 -0.886429 -0.000894168 333.049 0.0414825 0.0206539 0.998933 -5.709
-0.883375 -0.467103 0.0384203 146.695 0.467566 -0.88396 0.00353538 333.861 0.0323103 0.021087 0.999262 -5.62202
-0.880913 -0.471756 0.0380933 145.058 0.472285 -0.881436 0.00575708 334.728 0.0308606 0.0230623 0.999265 -5.55919
-0.87886 -0.475079 0.0437925 143.466 0.475643 -0.879642 0.00285532 335.582 0.0371649 0.0233389 0.999043 -5.48303
-0.878839 -0.475194 0.0429559 141.788 0.475707 -0.87961 0.00197405 336.488 0.0368461 0.0221692 0.999082 -5.38019
-0.879901 -0.473531 0.0394289 140.121 0.473861 -0.880607 -0.00109818 337.377 0.0352411 0.0177175 0.999229 -5.28836
-0.880886 -0.47193 0.0365283 138.549 0.472164 -0.881516 -0.00246636 338.255 0.0333639 0.0150747 0.999337 -5.22701
-0.881939 -0.470006 0.0359341 136.939 0.47021 -0.882558 -0.00306261 339.085 0.033153 0.0141954 0.999357 -5.16403
-0.883023 -0.467745 0.0386871 135.306 0.468024 -0.883722 -0.00204673 339.899 0.0351456 0.0162991 0.999257 -5.04053
-0.885705 -0.462843 0.0362717 133.606 0.462964 -0.886369 -0.00546244 340.776 0.0346781 0.0119544 0.999335 -4.94664
-0.889798 -0.455152 0.0332877 131.975 0.455366 -0.890312 -0.00127168 341.594 0.030215 0.0140265 0.999453 -4.86829
-0.892414 -0.449959 0.0338603 130.306 0.450116 -0.892973 -0.00325207 342.381 0.0316993 0.0123388 0.999429 -4.81616
-0.893855 -0.44655 0.0403688 128.718 0.446692 -0.894677 -0.00591543 343.198 0.0387582 0.0127449 0.999175 -4.70072
-0.894555 -0.445384 0.0376561 127.065 0.445555 -0.895254 -0.00415919 343.993 0.0355639 0.0130572 0.99929 -4.6072
-0.893334 -0.447653 0.0396828 125.491 0.447859 -0.894104 -0.0040165 344.76 0.0372782 0.0141842 0.999212 -4.53323
-0.890438 -0.45344 0.039058 123.865 0.453439 -0.891247 -0.00939981 345.609 0.0390721 0.00934041 0.9992 -4.45085
-0.8865 -0.461446 0.0346115 122.216 0.461411 -0.887145 -0.00946531 346.397 0.0350728 0.00757912 0.999364 -4.34676
-0.881962 -0.470185 0.0328963 120.666 0.470175 -0.882541 -0.008527 347.224 0.0330413 0.00794654 0.99943 -4.26102
-0.877422 -0.47854 0.0338106 119.05 0.478576 -0.878023 -0.00751995 348.074 0.0332847 0.00958278 0.999408 -4.17044
-0.872073 -0.488019 0.0365916 117.513 0.488045 -0.872783 -0.00882227 348.847 0.0362415 0.0101647 0.999299 -4.11931
-0.867227 -0.496597 0.0363426 115.973 0.496599 -0.867936 -0.0096181 349.71 0.036319 0.00970663 0.9993 -4.01404
-0.863108 -0.503823 0.0349293 114.454 0.503879 -0.863748 -0.00781117 350.564 0.0341052 0.0108582 0.999367 -3.93326
-0.858749 -0.511388 0.0323468 113.004 0.511506 -0.859274 -0.00511945 351.455 0.0304124 0.0121492 0.999471 -3.86311
-0.855988 -0.515764 0.0358385 111.516 0.516081 -0.856549 -0.000469804 352.302 0.0309394 0.0180933 0.999365 -3.79371
-0.854534 -0.517936 0.0390847 110.143 0.518346 -0.85518 0.000435621 353.158 0.0331985 0.0206316 0.999243 -3.69677
-0.854251 -0.518122 0.0426325 108.823 0.518666 -0.854984 0.00202668 353.951 0.0353997 0.0238432 0.999096 -3.60277
-0.856406 -0.514343 0.0450849 107.592 0.515043 -0.857161 0.0046989 354.691 0.0362278 0.0272447 0.99898 -3.52965
-0.862511 -0.504176 0.0435174 105.907 0.50503 -0.863044 0.0107719 355.708 0.0321262 0.0312683 0.999002 -3.4544
-0.871805 -0.487367 0.049415 104.256 0.488533 -0.872437 0.0143639 356.626 0.0361106 0.0366631 0.998682 -3.35652
-0.882636 -0.467706 0.0470753 102.641 0.468669 -0.88331 0.0113855 357.453 0.0362566 0.0321118 0.998834 -3.27288
-0.891502 -0.449915 0.0530278 101.091 0.450848 -0.892586 0.00649925 358.217 0.0444073 0.0297014 0.998579 -3.16267
-0.89893 -0.434415 0.0567544 99.4928 0.435173 -0.900355 0.0011098 358.988 0.0506166 0.0256955 0.998395 -3.07766
-0.904929 -0.421517 0.0586462 97.8858 0.422223 -0.906501 -0.000378419 359.758 0.0533219 0.0244192 0.998286 -2.96114
-0.908646 -0.413518 0.0581044 96.1324 0.41378 -0.91035 -0.00799957 360.485 0.0562028 0.0167736 0.998286 -2.86833
-0.909363 -0.411837 0.0588286 94.3615 0.412081 -0.911116 -0.00849015 361.294 0.0570957 0.0165214 0.998239 -2.73475
-0.909836 -0.412904 0.0414623 92.4877 0.413045 -0.910702 -0.00548765 362.114 0.0400253 0.0121329 0.999132 -2.63149
-0.908334 -0.417512 0.0250054 91.1529 0.41757 -0.908648 -0.00310167 362.7 0.0240158 0.00762413 0.99969 -2.58525
-0.904412 -0.424912 0.038742 89.8363 0.424588 -0.905242 -0.016639 363.314 0.0421406 0.00140087 0.999118 -2.50104
-0.901137 -0.431993 0.0366835 88.4282 0.431685 -0.901885 -0.0163375 363.964 0.0401416 0.00111335 0.999201 -2.42853
-0.8982 -0.439085 0.0212898 86.913 0.439114 -0.898434 -0.00354897 364.678 0.0206856 0.00616097 0.999774 -2.37647
-0.894394 -0.445555 0.03941 85.4909 0.445375 -0.895248 -0.0137078 365.393 0.0413889 0.00529206 0.999137 -2.33068
-0.890285 -0.453424 0.0425683 83.9255 0.452678 -0.891295 -0.0263184 366.139 0.0498739 -0.00416108 0.998754 -2.23431
-0.885206 -0.464322 0.0287757 82.2794 0.463784 -0.885644 -0.0235702 366.886 0.0364288 -0.00751867 0.999315 -2.16468
-0.877403 -0.477358 0.0479535 80.6881 0.476363 -0.878701 -0.0311061 367.77 0.0569853 -0.00444948 0.99837 -2.05949
-0.870373 -0.489428 0.0540137 79.0068 0.488571 -0.872046 -0.0289559 368.692 0.061274 0.00118696 0.998125 -1.91061
-0.864484 -0.501087 0.0398136 77.2959 0.50101 -0.865353 -0.0126026 369.669 0.0407676 0.00905207 0.999132 -1.80351
-0.859622 -0.509073 0.0436064 75.5744 0.509176 -0.860613 -0.00952908 370.696 0.0423791 0.0140118 0.999008 -1.72554
-0.858315 -0.51099 0.0468067 73.8625 0.511183 -0.859432 -0.00863797 371.718 0.0446409 0.0165125 0.998871 -1.62261
-0.858449 -0.51086 0.0457613 72.1211 0.511163 -0.859468 -0.0056869 372.745 0.0422354 0.0185094 0.998941 -1.52386
-0.860997 -0.506916 0.0415692 70.3643 0.507357 -0.861739 9.24043e-05 373.792 0.0357749 0.0211698 0.99914 -1.42878
-0.864679 -0.499916 0.0491975 68.6041 0.500524 -0.865726 5.62051e-05 374.738 0.0425633 0.0246729 0.998793 -1.35248
-0.867773 -0.493327 0.060054 66.8941 0.49432 -0.869281 0.00196336 375.69 0.0512351 0.0313894 0.998198 -1.22159
-0.871477 -0.487912 0.049762 65.1572 0.488736 -0.87242 0.00518318 376.695 0.0408841 0.0288373 0.998752 -1.11724
-0.873709 -0.483596 0.0526724 63.4214 0.484645 -0.874672 0.00856476 377.591 0.041929 0.0330103 0.99858 -1.00362
-0.875516 -0.480174 0.0539557 61.6999 0.480924 -0.876765 0.00106446 378.504 0.0467951 0.0268803 0.998547 -0.911046
-0.877261 -0.47694 0.0543045 59.9684 0.47772 -0.878514 0.00160881 379.462 0.0469397 0.0273535 0.998528 -0.788253
-0.880742 -0.471084 0.0487776 58.2196 0.472022 -0.881542 0.00921731 380.404 0.0386572 0.0311419 0.998772 -0.676341
-0.884204 -0.464747 0.046899 56.4573 0.46581 -0.88477 0.0144306 381.284 0.0347881 0.0346054 0.9988 -0.563463
-0.88639 -0.459613 0.0554601 54.7784 0.460727 -0.887503 0.00859841 382.151 0.0452689 0.0331733 0.998429 -0.485269
-0.888185 -0.456574 0.0517199 53.0783 0.457589 -0.889119 0.00919578 383.005 0.0417865 0.0318338 0.998624 -0.344681
-0.889765 -0.453942 0.0475581 51.3378 0.455009 -0.890378 0.014138 383.9 0.0359267 0.0342187 0.998773 -0.240435
