0.478682 -0.87775 0.0204598 0.683951 0.877971 0.478687 -0.00496789 0.553054 -0.0054333 0.0203412 0.999778 0.788652
0.475569 -0.879562 0.0143053 1.48324 0.879678 0.47552 -0.0068145 2.11078 -0.000808696 0.0158249 0.999874 0.796149
0.472888 -0.881008 0.0142354 2.30137 0.881119 0.472871 -0.00474069 3.70439 -0.00255493 0.0147849 0.999887 0.805759
0.470459 -0.882287 0.0154489 3.13423 0.882411 0.47047 -0.00315605 5.32068 -0.00448371 0.0151171 0.999876 0.812075
0.468012 -0.88358 0.0158237 3.97454 0.883718 0.467988 -0.00541075 6.95033 -0.00262447 0.016516 0.99986 0.816718
0.467129 -0.884019 0.0173616 4.82612 0.884154 0.467196 -0.000274736 8.60639 -0.00786838 0.0154786 0.999849 0.823597
0.468863 -0.88303 0.0206372 5.6898 0.883155 0.469052 0.00525927 10.278 -0.014324 0.01576 0.999773 0.829533
0.47122 -0.881788 0.02003 6.56327 0.881917 0.471386 0.00429228 11.9594 -0.0132268 0.0156422 0.99979 0.821161
0.473348 -0.880743 0.0152862 7.44755 0.880864 0.47336 -0.00306271 13.6554 -0.00453841 0.0149148 0.999878 0.815796
0.47371 -0.880411 0.0217918 8.354 0.880621 0.473821 -0.000107113 15.3771 -0.0102311 0.0192411 0.999763 0.816707
0.471952 -0.880993 0.0333507 9.27409 0.881509 0.472164 -0.00172676 17.1075 -0.0142257 0.0302139 0.999442 0.810811
0.469498 -0.882378 0.0313101 10.185 0.882914 0.469427 -0.0100568 18.8489 -0.0058239 0.0323657 0.999459 0.800177
0.466834 -0.883798 0.0311064 11.1308 0.884322 0.466785 -0.0092602 20.6884 -0.00633585 0.0318311 0.999473 0.843097
0.464629 -0.884993 0.030127 12.079 0.885444 0.464729 -0.00401181 22.5526 -0.0104505 0.0285398 0.999538 0.892499
0.463423 -0.885526 0.0329029 13.0211 0.885985 0.463712 0.00131853 24.4002 -0.0164251 0.0285404 0.999458 0.921416
0.462953 -0.885937 0.0281228 13.9363 0.886189 0.463282 0.00620278 26.2338 -0.0185241 0.0220505 0.999585 0.929085
0.463145 -0.885952 0.0242028 14.8437 0.88617 0.463349 0.00327668 28.0392 -0.0141173 0.0199302 0.999702 0.929952
0.461154 -0.886922 0.0265771 15.7529 0.887189 0.461394 0.00338187 29.826 -0.0152619 0.0220193 0.999641 0.941092
0.460141 -0.887535 0.0235066 16.6408 0.887731 0.460346 0.00388124 31.6023 -0.0142659 0.0190816 0.999716 0.952789
0.459248 -0.888094 0.019517 17.5186 0.888273 0.459314 -0.00121411 33.3592 -0.0078862 0.017894 0.999809 0.957339
0.458531 -0.888321 0.0252141 18.4042 0.888568 0.458737 0.00272737 35.1105 -0.0139894 0.0211538 0.999678 0.970582
0.458141 -0.888401 0.0291571 19.2789 0.888766 0.45836 0.000960606 36.8395 -0.0142179 0.0254737 0.999574 0.972533
0.456668 -0.889023 0.0330363 20.1539 0.88954 0.456852 -0.00220577 38.5554 -0.0131317 0.0303944 0.999452 0.970143
0.454854 -0.889582 0.0418448 21.0219 0.890276 0.455403 0.0041447 40.2773 -0.0227433 0.0353682 0.999116 0.958884
0.453043 -0.890625 0.0392323 21.8631 0.891203 0.453573 0.00535718 41.9784 -0.022566 0.0325369 0.999216 0.944102
0.451231 -0.891887 0.0304644 22.6919 0.892368 0.45127 -0.00598573 43.6266 -0.00840908 0.0298864 0.999518 0.935801
0.449159 -0.893112 0.0246607 23.4911 0.893373 0.449315 0.000907577 45.2566 -0.011891 0.0216235 0.999695 0.946208
0.446794 -0.894354 0.0225002 24.2671 0.894545 0.446968 0.00311506 46.8343 -0.0128428 0.0187356 0.999742 0.956777
0.443951 -0.895809 0.020807 25.0142 0.895938 0.444144 0.00553715 48.366 -0.0142016 0.0161836 0.999768 0.964186
0.441153 -0.897158 0.0221658 25.7403 0.897293 0.441385 0.00668022 49.8513 -0.0157769 0.0169423 0.999732 0.969019
0.438647 -0.898394 0.0218323 26.4353 0.898378 0.438988 0.0143436 51.2978 -0.0224703 0.0133219 0.999659 0.970618
0.435588 -0.899999 0.0162684 27.0996 0.899898 0.435821 0.015592 52.6828 -0.0211229 0.00784821 0.999746 0.97805
0.432949 -0.901381 0.00827237 28.0208 0.901401 0.43298 0.00234436 54.6247 -0.00569493 0.00644173 0.999963 0.989011
0.429868 -0.902841 0.00952913 28.8648 0.902843 0.42993 0.00580332 56.4102 -0.00933633 0.00610865 0.999938 1.03016
0.433308 -0.901141 0.0137773 29.6485 0.901244 0.433224 -0.00870676 58.0262 0.00187737 0.0161894 0.999867 1.06405
0.445267 -0.895205 0.0185749 30.39 0.895356 0.44535 0.00034028 59.5282 -0.00857697 0.0164797 0.999827 1.10089
0.474135 -0.880286 0.0170924 31.1025 0.880356 0.474281 0.0055673 60.902 -0.0130074 0.0124077 0.999838 1.12803
0.529879 -0.847886 0.0178119 31.8338 0.847909 0.530073 0.00855287 62.1255 -0.0166935 0.0105709 0.999805 1.13984
0.641585 -0.766729 0.0222424 32.9287 0.766673 0.64191 0.0128038 63.528 -0.0240947 0.00883793 0.999671 1.14274
0.784168 -0.620273 0.0185068 34.1902 0.620148 0.784384 0.012545 64.6045 -0.0222978 0.00163962 0.99975 1.13996
0.91411 -0.40509 0.0174733 35.5938 0.405008 0.914277 0.00817745 65.2579 -0.019288 -0.000398271 0.999814 1.11839
0.993769 -0.108801 0.0241835 37.4654 0.108776 0.994063 0.00235731 65.5105 -0.0242964 0.000287964 0.999705 1.08513
0.989938 0.139744 0.0222328 39.3354 -0.139551 0.990164 -0.0100372 65.2509 -0.0234167 0.00683357 0.999702 1.04766
0.955514 0.294455 0.0169702 41.2158 -0.294583 0.95561 0.00549768 64.7098 -0.0145981 -0.0102522 0.999841 1.03358
0.928186 0.372088 -0.00458592 42.7918 -0.372094 0.928195 -0.000557146 64.0387 0.00404932 0.00222353 0.999989 0.986136
0.90594 0.423367 0.00577645 44.5291 -0.423326 0.905949 -0.00711226 63.1947 -0.00824427 0.00399795 0.999958 0.99735
0.894941 0.446182 0.00121058 45.9311 -0.446134 0.894878 -0.0125573 62.4417 -0.00668617 0.010698 0.99992 0.990524
0.887265 0.461253 -0.00249977 47.4674 -0.461235 0.88715 -0.0150448 61.6015 -0.00472177 0.0145017 0.999884 0.972453
0.882472 0.470351 -0.0035266 49.1302 -0.470327 0.882283 -0.0192181 60.6523 -0.00592781 0.0186181 0.999809 0.955332
0.882598 0.470059 -0.00803764 50.9175 -0.470084 0.882156 -0.0286666 59.6133 -0.00638456 0.0290795 0.999557 0.933604
0.885769 0.464023 -0.00985965 52.1921 -0.464089 0.885224 -0.0316099 58.8934 -0.00593969 0.0325748 0.999452 0.920688
0.889304 0.457249 -0.0078632 53.5372 -0.457232 0.888677 -0.0345282 58.1628 -0.00880015 0.0343014 0.999373 0.916293
0.892964 0.450118 -0.00308568 54.9422 -0.449967 0.89244 -0.0328716 57.4282 -0.0120423 0.0307416 0.999455 0.906444
0.896258 0.443509 -0.00452746 56.377 -0.44346 0.895881 -0.0272158 56.6961 -0.00801441 0.0264002 0.999619 0.901792
0.896741 0.44247 -0.00868852 57.8314 -0.442555 0.896597 -0.016114 55.9654 0.000660127 0.0182952 0.999832 0.900456
0.896735 0.44255 -0.00391315 59.2972 -0.442563 0.896651 -0.0124756 55.2244 -0.00201234 0.0129191 0.999915 0.919005
0.896743 0.442549 -0.00169503 60.7567 -0.442536 0.896669 -0.012117 54.4764 -0.0038425 0.011616 0.999925 0.937111
0.896632 0.442777 -0.000283848 62.2112 -0.442764 0.896602 -0.00809987 53.732 -0.00333193 0.00738828 0.999967 0.958613
0.894887 0.446291 0.0015705 63.6618 -0.446287 0.894887 -0.00238076 52.9928 -0.00246793 0.00142961 0.999996 0.97577
0.890962 0.454017 0.00744037 65.1076 -0.454031 0.890986 0.000273789 52.2435 -0.00650496 -0.00362209 0.999972 0.995594
0.884616 0.466183 0.0113023 66.5366 -0.466229 0.884662 0.00172546 51.473 -0.00919434 -0.00679583 0.999935 1.01189
0.875687 0.482772 0.0101297 67.9343 -0.482821 0.875714 0.0029231 50.6802 -0.00745955 -0.00745057 0.999944 1.02175
0.8653 0.501103 0.0123362 69.3039 -0.501161 0.865352 0.00196827 49.8662 -0.00968888 -0.00788559 0.999922 1.03423
0.853883 0.520312 0.0126059 70.6437 -0.52036 0.853947 0.000536795 49.0252 -0.0104855 -0.00701795 0.99992 1.03935
0.842287 0.538906 0.0115776 71.9472 -0.538959 0.84233 0.00186268 48.1697 -0.00874834 -0.00780875 0.999931 1.04571
0.831328 0.555699 0.00961705 73.2103 -0.555737 0.831356 0.00175505 47.3002 -0.00701991 -0.00680358 0.999952 1.05177
0.820487 0.571596 0.00884968 74.4318 -0.571627 0.820512 0.00125124 46.4216 -0.00654607 -0.00608535 0.99996 1.06095
0.811016 0.584957 0.00883114 75.6125 -0.584966 0.811056 -0.00187593 45.5364 -0.00825989 -0.0036445 0.999959 1.07161
0.805348 0.59274 0.00859273 76.7556 -0.592679 0.805392 -0.00871525 44.6543 -0.0120864 0.00192609 0.999925 1.0822
0.801807 0.597518 0.00882531 78.3992 -0.59741 0.801843 -0.0122068 43.3813 -0.0143703 0.0045152 0.999887 1.08673
0.806624 0.591044 0.00494145 79.9296 -0.590957 0.806609 -0.0123398 42.2038 -0.0112792 0.00703338 0.999912 1.09045
0.824868 0.565305 0.00485421 81.3574 -0.565239 0.824862 -0.0103981 41.1776 -0.00988212 0.00583324 0.999934 1.10178
0.857705 0.514142 0.000253803 82.7235 -0.514137 0.857699 -0.00384318 40.329 -0.00219362 0.00316582 0.999993 1.1225
0.903569 0.42844 0.00130972 84.1223 -0.428437 0.903569 -0.00195541 39.6183 -0.0020212 0.00120572 0.999997 1.14387
0.967247 0.253282 0.0167878 86.0677 -0.253335 0.967378 0.00112241 38.9955 -0.0159559 -0.0053386 0.999858 1.17816
0.999957 0.00835264 0.00403121 87.9843 -0.00832947 0.999949 -0.00573106 38.8363 -0.00407887 0.00569723 0.999975 1.19308
0.965359 -0.260874 -0.00519441 89.8053 0.260842 0.965362 -0.00617384 39.2189 0.00662508 0.00460505 0.999967 1.21192
0.894489 -0.446978 0.0100199 91.0648 0.447017 0.894523 -0.00197804 39.8274 -0.00807887 0.00624839 0.999948 1.24273
0.806082 -0.591504 0.0188457 92.208 0.591439 0.806295 0.00942448 40.6733 -0.0207698 0.0035492 0.999778 1.25889
0.733915 -0.679172 0.00974195 93.2562 0.678953 0.733946 0.0185945 41.6846 -0.0197789 -0.00703245 0.99978 1.23641
0.69637 -0.717566 0.012937 94.3006 0.717434 0.69649 0.013806 42.7515 -0.0189172 -0.000332619 0.999821 1.22123
0.682447 -0.730926 -0.00361035 95.3613 0.730802 0.68222 0.0224837 43.9224 -0.0139709 -0.0179824 0.999741 1.19799
0.686464 -0.727103 -0.00938817 96.5097 0.72716 0.686364 0.01191 45.1295 -0.00221612 -0.0150025 0.999885 1.19437
0.696815 -0.717082 -0.0155479 97.7382 0.717249 0.696608 0.0170418 46.4202 -0.00138954 -0.0230267 0.999734 1.19805
0.705561 -0.708649 -0.00018847 99.0889 0.708453 0.705359 0.0237199 47.7618 -0.0166762 -0.0168694 0.999719 1.20708
0.708178 -0.706029 0.00256894 100.506 0.705971 0.708158 0.0108213 49.1465 -0.00945941 -0.00584984 0.999938 1.19467
0.706125 -0.708045 -0.00777853 101.473 0.708081 0.706123 0.00351422 50.1175 0.00300437 -0.00798931 0.999964 1.18858
0.703044 -0.711144 0.00189985 102.493 0.711102 0.703028 0.00924437 51.1383 -0.00790972 -0.00514821 0.999955 1.19371
0.699795 -0.714337 0.003183 103.529 0.714196 0.699733 0.0172501 52.199 -0.0145496 -0.00979824 0.999846 1.19939
0.69584 -0.718159 -0.00742252 104.576 0.718183 0.695724 0.0134722 53.2877 -0.00451117 -0.0147052 0.999882 1.19106
0.690097 -0.723688 -0.00650103 105.661 0.723713 0.690033 0.0097239 54.4119 -0.00255114 -0.0114153 0.999932 1.19143
0.68604 -0.727564 5.62407e-05 106.775 0.727532 0.68601 0.00937414 55.5734 -0.00685887 -0.00639012 0.999956 1.20144
0.684369 -0.729088 0.00837699 107.921 0.729055 0.684419 0.00698828 56.7777 -0.0108284 0.00132472 0.999941 1.20029
0.684245 -0.729239 0.00433499 109.066 0.729177 0.684248 0.0102493 58.0062 -0.0104404 -0.00385205 0.999938 1.2014
0.685245 -0.728265 -0.00833413 110.215 0.72829 0.685088 0.0157777 59.2508 -0.00578074 -0.0168812 0.999841 1.19974
0.689482 -0.724164 -0.0141945 111.382 0.724245 0.689047 0.0261361 60.512 -0.00914616 -0.0283006 0.999558 1.20796
0.6928 -0.720943 -0.0164204 112.574 0.72111 0.692431 0.0232377 61.7603 -0.00538311 -0.02794 0.999595 1.20914
0.69384 -0.720106 -0.00582414 113.798 0.720103 0.693723 0.014104 63.0175 -0.00611601 -0.0139799 0.999884 1.19592
0.695651 -0.718355 -0.00595578 115.004 0.718336 0.695494 0.016784 64.2794 -0.00791468 -0.0159541 0.999841 1.19248
0.696999 -0.717063 -0.00367498 116.21 0.716817 0.696605 0.0302499 65.5443 -0.019131 -0.0237184 0.999536 1.19013
0.698273 -0.715745 -0.0111355 117.403 0.715832 0.69819 0.0107618 66.7329 7.19633e-05 -0.0154858 0.99988 1.20448
0.697376 -0.716638 -0.00981773 118.608 0.716685 0.697395 0.00194336 67.9232 0.00545415 -0.00839147 0.99995 1.22635
0.695195 -0.718606 0.0175905 119.827 0.718019 0.695368 0.0302113 69.1545 -0.0339419 -0.00837239 0.999389 1.25378
0.694201 -0.719781 -0.00065872 120.989 0.719654 0.694059 0.0194993 70.3317 -0.013578 -0.0140105 0.99981 1.22739
0.692099 -0.721789 -0.00440367 122.161 0.721798 0.692057 0.00805139 71.4993 -0.00276381 -0.00875092 0.999958 1.21113
0.687583 -0.726101 -0.00281763 123.308 0.726092 0.687539 0.0089511 72.6926 -0.00456217 -0.00820047 0.999956 1.2007
0.681703 -0.731593 -0.00725304 124.43 0.731622 0.681619 0.011148 73.8843 -0.00321196 -0.0129061 0.999912 1.18175
0.67867 -0.734322 -0.013339 125.542 0.734434 0.678455 0.0174679 75.0854 -0.00377715 -0.0216516 0.999758 1.17379
0.676648 -0.736261 -0.00823342 126.661 0.736251 0.676417 0.0198697 76.2766 -0.00906002 -0.0195066 0.999769 1.17196
0.671479 -0.740991 -0.00698662 127.762 0.741019 0.671412 0.00985901 77.4574 -0.00261454 -0.0117973 0.999927 1.16372
0.661583 -0.749868 -0.00250283 128.846 0.749856 0.661544 0.00866516 78.669 -0.00484199 -0.00760949 0.999959 1.1659
0.653505 -0.756834 0.0115769 129.916 0.756588 0.653595 0.0197003 79.9088 -0.0224765 -0.00411524 0.999739 1.16527
0.647029 -0.762458 0.00331521 130.942 0.762155 0.646884 0.0257153 81.1543 -0.0217514 -0.0141118 0.999664 1.14795
0.636788 -0.771031 -0.00365604 131.968 0.771024 0.636737 0.00939882 82.3853 -0.00491884 -0.00880395 0.999949 1.12328
0.625585 -0.780136 -0.0056397 132.989 0.780105 0.625445 0.0159821 83.6658 -0.00894087 -0.0143977 0.999856 1.12384
0.611647 -0.790969 -0.0159761 133.984 0.791127 0.611457 0.0154804 84.9574 -0.00247586 -0.0221077 0.999753 1.11902
0.598301 -0.801115 -0.0158089 134.974 0.801271 0.598161 0.0130043 86.2623 -0.000961744 -0.0204477 0.99979 1.10809
0.585459 -0.810574 -0.0143841 135.933 0.810587 0.584986 0.0271954 87.6164 -0.0136294 -0.0275813 0.999527 1.10295
0.574041 -0.818751 -0.0111549 136.878 0.818603 0.573512 0.0311866 88.969 -0.0191366 -0.0270338 0.999451 1.09372
0.566748 -0.823695 -0.0179687 137.801 0.823805 0.566239 0.0268245 90.3272 -0.0119206 -0.0300054 0.999479 1.08504
0.561522 -0.826938 -0.0294335 138.696 0.827457 0.561046 0.0232704 91.6975 -0.0027296 -0.0374218 0.999296 1.0699
0.55712 -0.830057 -0.0249427 139.612 0.830239 0.556092 0.0382733 93.1006 -0.0178986 -0.0420312 0.998956 1.05301
0.550436 -0.834614 -0.0209936 140.518 0.834526 0.549301 0.0428198 94.4923 -0.0242061 -0.0410892 0.998862 1.03204
0.540354 -0.841288 -0.0158664 141.417 0.841394 0.54004 0.020314 95.8555 -0.00852149 -0.0243267 0.999668 0.996133
0.528255 -0.848963 -0.0144644 142.287 0.848954 0.527795 0.0266323 97.2707 -0.0149756 -0.0263483 0.999541 0.971996
0.51696 -0.856009 -0.000296134 143.168 0.855725 0.516779 0.0259549 98.6981 -0.0220646 -0.013671 0.999663 0.94468
0.506534 -0.862209 0.00424136 144.027 0.862041 0.506523 0.0178718 100.141 -0.0175576 -0.00539645 0.999831 0.919904
0.494549 -0.869065 0.0121541 144.874 0.86915 0.494495 -0.00733257 101.569 0.000362338 0.01419 0.999899 0.894205
0.484199 -0.874875 0.0120987 145.691 0.874721 0.484343 0.016573 103.074 -0.0203592 0.00255833 0.999789 0.882731
0.476318 -0.879212 0.0103522 146.487 0.878839 0.47642 0.0258161 104.578 -0.0276298 -0.00319875 0.999613 0.863728
0.472514 -0.881267 -0.00997238 147.256 0.881294 0.472376 0.013436 106.068 -0.00712994 -0.0151373 0.99986 0.834612
0.468357 -0.883526 -0.00480714 148.056 0.883512 0.468292 0.0104458 107.573 -0.00697799 -0.00913952 0.999934 0.824799
0.468145 -0.883651 0.00103067 148.855 0.883369 0.468025 0.0247345 109.104 -0.022339 -0.0106689 0.999694 0.820834
0.464982 -0.885319 -0.00158716 149.647 0.885216 0.464899 0.0161551 110.615 -0.0135645 -0.00891679 0.999868 0.814577
0.461251 -0.887222 0.00919413 150.456 0.887263 0.461183 -0.00858834 112.103 0.00337958 0.012119 0.999921 0.810116
0.45892 -0.88842 0.0100996 151.242 0.888417 0.458992 0.0064946 113.639 -0.0104056 0.00599215 0.999928 0.825193
0.45652 -0.889649 0.0107018 152.013 0.889627 0.45661 0.00839398 115.146 -0.0123542 0.00568855 0.999907 0.829046
0.456337 -0.889807 0.000539306 152.772 0.889797 0.456334 0.00443392 116.641 -0.00419143 -0.00154349 0.99999 0.824889
0.455137 -0.890419 -0.00193889 153.529 0.890348 0.45507 0.013846 118.144 -0.0114464 -0.00802812 0.999902 0.832171
0.454343 -0.890801 -0.00681376 154.275 0.890712 0.454148 0.0195141 119.639 -0.0142887 -0.0149352 0.999786 0.828233
0.452993 -0.891446 -0.0109976 155.008 0.891492 0.45286 0.012609 121.108 -0.00625988 -0.015516 0.99986 0.821872
0.454407 -0.890701 -0.0128984 155.692 0.890783 0.454281 0.0116399 122.473 -0.00450817 -0.0167789 0.999849 0.809143
0.459778 -0.887931 -0.013502 156.337 0.888028 0.459667 0.0106143 123.733 -0.00321832 -0.0168704 0.999852 0.796511
0.465131 -0.885129 -0.0141184 156.98 0.88524 0.465036 0.00959657 124.993 -0.00192865 -0.0169618 0.999854 0.783879
0.473128 -0.880865 -0.015067 157.947 0.880993 0.473059 0.00808447 126.883 6.27618e-06 -0.0170989 0.999854 0.764925
0.478438 -0.877981 -0.0157153 158.591 0.87812 0.478387 0.00708641 128.143 0.00129627 -0.0171903 0.999851 0.752286
0.486366 -0.873595 -0.0167111 159.556 0.873749 0.486345 0.0056049 130.033 0.00323094 -0.0173273 0.999845 0.733327
0.494251 -0.869139 -0.0177346 160.522 0.869304 0.49426 0.00414261 131.923 0.00516499 -0.0174642 0.999834 0.714371
0.510574 -0.859831 -0.0021278 161.502 0.8598 0.51053 0.0101454 133.611 -0.00763702 -0.00700946 0.999946 0.725083
0.519461 -0.854491 0.00233295 162.492 0.854422 0.51945 0.0116316 135.246 -0.0111509 -0.00404883 0.99993 0.730529
0.518613 -0.854998 0.00433464 163.494 0.854816 0.518597 0.0186499 136.921 -0.0181935 -0.00596675 0.999817 0.714155
0.516281 -0.856244 -0.0173141 164.466 0.856413 0.516246 0.00678907 138.616 0.00312524 -0.0183331 0.999827 0.695786
0.506422 -0.862178 -0.0136498 165.475 0.862247 0.506185 0.0175089 140.366 -0.00818642 -0.0206364 0.999754 0.689491
0.498949 -0.866598 0.00759263 166.169 0.865979 0.498894 0.0344371 141.567 -0.0336311 -0.0106073 0.999378 0.688815
0.494369 -0.869247 0.00285945 166.831 0.868841 0.494234 0.0291232 142.749 -0.0267285 -0.0119132 0.999572 0.667171
0.488899 -0.872335 0.0031153 167.519 0.872267 0.4889 0.0112875 143.863 -0.0113696 -0.00280108 0.999931 0.67631
0.486253 -0.873564 0.0210857 168.233 0.873581 0.486541 0.011568 145.027 -0.0203644 0.0127951 0.999711 0.682416
0.483889 -0.874723 0.0266644 168.929 0.874872 0.484261 0.00952116 146.2 -0.0212409 0.0187208 0.999599 0.706583
0.481185 -0.87575 0.0390235 169.971 0.876471 0.481444 -0.00306933 147.96 -0.0160997 0.0356799 0.999234 0.727182
0.479507 -0.876413 0.0444146 170.653 0.877215 0.48009 0.00283612 149.155 -0.0238086 0.0376012 0.999009 0.733502
0.479536 -0.87643 0.0437582 171.322 0.877387 0.479741 -0.00637946 150.332 -0.0154014 0.041452 0.999022 0.732947
0.480078 -0.876568 0.0339564 172.287 0.877226 0.479722 -0.0184972 152.069 -7.55899e-05 0.0386675 0.999252 0.740145
0.478478 -0.876823 0.0473222 173.233 0.877889 0.478849 -0.00388655 153.752 -0.0192524 0.0434032 0.998872 0.761824
0.471443 -0.880091 0.0564052 174.102 0.881526 0.472135 -0.00119875 155.306 -0.0255758 0.0502877 0.998407 0.753251
0.443445 -0.894325 0.0594947 174.851 0.896186 0.443477 -0.0133971 156.724 -0.0144032 0.0592592 0.998139 0.728122
0.384614 -0.920902 0.0633366 175.476 0.923003 0.38455 -0.0136832 158.126 -0.0117552 0.0637226 0.997898 0.699354
0.255822 -0.964952 0.0585036 176.054 0.966723 0.255434 -0.0141494 160.001 -0.00129034 0.0601765 0.998187 0.688242
0.0130225 -0.999866 0.00989752 176.17 0.999833 0.0128941 -0.0129299 162.281 0.0128006 0.0100642 0.999867 0.703826
-0.214881 -0.976435 -0.0200138 175.814 0.976608 -0.214994 0.00365511 163.976 -0.00787184 -0.0187603 0.999793 0.708264
-0.373834 -0.926601 -0.0407225 175.313 0.926954 -0.374755 0.0177311 165.136 -0.0316906 -0.0311194 0.999013 0.689578
-0.574393 -0.818169 -0.0259134 174.433 0.818101 -0.574852 0.0160002 166.498 -0.0279872 -0.0120094 0.999536 0.628566
-0.69947 -0.714353 -0.0210036 173.523 0.714392 -0.699712 0.00695221 167.427 -0.0196628 -0.0101419 0.999755 0.576145
-0.787783 -0.615629 -0.0199617 172.412 0.615661 -0.787994 0.00526563 168.301 -0.0189714 -0.00814146 0.999787 0.538711
-0.840603 -0.541393 -0.0167251 171.141 0.541494 -0.840702 -0.00190979 169.116 -0.0130269 -0.0106619 0.999858 0.49557
-0.870059 -0.492638 -0.0174538 169.73 0.492854 -0.870037 -0.0114112 169.901 -0.00956392 -0.0185306 0.999783 0.466064
-0.880395 -0.473995 -0.0152802 168.191 0.474207 -0.880262 -0.0163413 170.717 -0.00570481 -0.0216328 0.99975 0.436637
-0.88195 -0.471073 -0.0159941 166.507 0.471292 -0.881849 -0.0150536 171.61 -0.00701307 -0.0208144 0.999759 0.411122
-0.881565 -0.471863 -0.0137172 165.3 0.47203 -0.881472 -0.0139658 172.237 -0.00550133 -0.0187867 0.999808 0.387918
-0.8819 -0.471363 -0.00827967 164.019 0.471435 -0.881803 -0.0131273 172.816 -0.00111329 -0.0154803 0.99988 0.335495
-0.881753 -0.471646 -0.00785599 162.658 0.471711 -0.881632 -0.0145938 173.452 -4.29908e-05 -0.0165739 0.999863 0.294038
-0.881043 -0.472987 -0.00682701 161.236 0.473035 -0.880978 -0.0107437 174.159 -0.000932838 -0.012695 0.999919 0.270441
-0.880148 -0.474676 -0.00480325 159.767 0.4747 -0.88012 -0.00702411 174.907 -0.00089326 -0.00846236 0.999964 0.267669
-0.879673 -0.475493 -0.00902174 158.245 0.475526 -0.8797 -0.00184933 175.695 -0.00705708 -0.00591688 0.999958 0.261357
-0.879316 -0.476048 -0.0135028 156.702 0.476055 -0.879411 0.00286212 176.499 -0.013237 -0.00391136 0.999905 0.251542
-0.880534 -0.473928 -0.00719949 155.168 0.473942 -0.880556 -0.000262811 177.294 -0.006215 -0.00364355 0.999974 0.239432
-0.882873 -0.469558 -0.00707624 153.622 0.469529 -0.8829 0.00543392 178.101 -0.00879916 0.00147496 0.99996 0.231538
-0.885825 -0.46377 -0.0152042 152.066 0.463599 -0.885942 0.0135291 178.901 -0.0197444 0.00493583 0.999793 0.221322
-0.887795 -0.460082 -0.0119912 150.532 0.459892 -0.887837 0.0156571 179.75 -0.0178498 0.00838567 0.999806 0.170611
-0.889692 -0.456468 -0.00924673 148.995 0.456377 -0.889726 0.0103697 180.566 -0.0129605 0.00500588 0.999904 0.130539
-0.890878 -0.454137 -0.00975475 147.433 0.454096 -0.890931 0.00624146 181.376 -0.0115253 0.00113079 0.999933 0.0880777
-0.891355 -0.453242 -0.00762703 145.868 0.453271 -0.89137 -0.00245953 182.176 -0.00568374 -0.00564942 0.999968 0.0626278
-0.890226 -0.45545 -0.00794449 144.317 0.455496 -0.890222 -0.00528669 182.974 -0.00466454 -0.00832502 0.999954 0.0569978
-0.888418 -0.458966 -0.00793602 142.788 0.458999 -0.888433 -0.00277017 183.794 -0.0057792 -0.00610369 0.999965 0.0591406
-0.886665 -0.462352 -0.00744551 141.28 0.462329 -0.886696 0.00464694 184.612 -0.00875043 0.000678009 0.999961 0.0556918
-0.884964 -0.465648 -0.00333796 139.789 0.465604 -0.884946 0.00912257 185.42 -0.00720182 0.00651897 0.999953 0.0435279
-0.883791 -0.467882 -0.000616739 138.309 0.467845 -0.883736 0.0114547 186.216 -0.00590447 0.00983499 0.999934 0.052581
-0.88403 -0.467362 -0.00795352 136.839 0.467203 -0.884004 0.016106 187.008 -0.0145583 0.0105223 0.999839 0.068226
-0.885846 -0.463853 -0.0108841 135.378 0.463698 -0.885881 0.0140836 187.777 -0.0161748 0.00742899 0.999842 0.0851943
-0.888837 -0.458186 -0.00588371 133.938 0.458124 -0.888838 0.00943703 188.529 -0.00955358 0.00569251 0.999938 0.102741
-0.893128 -0.449775 -0.00492642 132.495 0.449745 -0.893136 0.00614373 189.264 -0.00716326 0.00327151 0.999969 0.117363
-0.89733 -0.441282 -0.00833681 131.053 0.441272 -0.897368 0.00309021 189.976 -0.00884484 -0.000905867 0.99996 0.123272
-0.900916 -0.433713 -0.0155662 129.615 0.433781 -0.901017 -0.00112754 190.651 -0.0135364 -0.00776815 0.999878 0.135539
-0.90313 -0.428968 -0.0185015 128.192 0.429178 -0.903173 -0.00921602 191.301 -0.0127567 -0.0162637 0.999786 0.150168
-0.904064 -0.426815 -0.0222961 126.804 0.427211 -0.903979 -0.0176815 191.93 -0.0126085 -0.0255103 0.999595 0.162934
-0.904451 -0.425829 -0.0252865 125.458 0.426362 -0.904291 -0.0217595 192.546 -0.0136006 -0.0304616 0.999443 0.189647
-0.904075 -0.426453 -0.0280333 124.171 0.427146 -0.903787 -0.0267543 193.137 -0.0139266 -0.0361622 0.999249 0.207954
-0.902484 -0.42961 -0.0309389 122.938 0.430425 -0.9022 -0.0277237 193.713 -0.0160027 -0.0383371 0.999137 0.225511
-0.900007 -0.434697 -0.032043 121.764 0.435595 -0.899634 -0.030255 194.272 -0.0156752 -0.0411874 0.999028 0.240426
-0.896294 -0.442587 -0.0278299 120.112 0.443279 -0.895958 -0.0276349 195.086 -0.0127036 -0.0371054 0.999231 0.248942
-0.891212 -0.45257 -0.0303476 118.584 0.45336 -0.890887 -0.0280321 195.84 -0.0143497 -0.0387409 0.999146 0.257798
-0.88515 -0.464332 -0.0300756 117.215 0.465071 -0.884907 -0.0254906 196.556 -0.0147779 -0.0365503 0.999223 0.273323
-0.878667 -0.47635 -0.03217 115.985 0.477101 -0.878576 -0.0218789 197.216 -0.0178417 -0.0345726 0.999243 0.278736
-0.868181 -0.495192 -0.0323594 114.574 0.495868 -0.868222 -0.0174928 198.023 -0.0194328 -0.0312329 0.999323 0.290771
-0.857329 -0.514017 -0.0277988 113.439 0.514508 -0.857362 -0.0145359 198.722 -0.016362 -0.0267648 0.999508 0.301115
-0.846899 -0.531495 -0.0166051 112.364 0.531715 -0.846804 -0.0142674 199.42 -0.00647816 -0.0209122 0.99976 0.326959
-0.828879 -0.559417 0.00345944 111.145 0.559163 -0.828661 -0.0256263 200.302 0.0172025 -0.0193067 0.999666 0.365247
-0.76464 -0.644421 -0.00685093 110.075 0.6444 -0.764385 -0.0215625 201.172 0.00865861 -0.0209023 0.999744 0.37299
-0.646027 -0.763314 -0.000213575 109.137 0.76331 -0.646022 -0.00370745 202.277 0.00269198 -0.00255814 0.999993 0.385677
-0.483985 -0.874963 -0.0140417 108.454 0.875012 -0.484082 0.0043595 203.437 -0.0106118 -0.0101767 0.999892 0.385406
-0.266058 -0.963952 -0.00320169 108.037 0.963947 -0.266069 0.00364677 204.834 -0.00436718 -0.00211601 0.999988 0.374532
0.0504799 -0.998714 0.00467658 108.022 0.998713 0.0505018 0.00467974 206.939 -0.00490989 0.00443433 0.999978 0.358687
0.260573 -0.965414 0.00877227 108.489 0.965454 0.260559 -0.0027481 208.855 0.000367356 0.00918531 0.999958 0.350017
0.369776 -0.929052 0.0113386 109.107 0.929109 0.369805 0.000461552 210.424 -0.00462187 0.0103641 0.999936 0.35686
0.431059 -0.902127 0.0188275 109.922 0.902294 0.43112 -0.000897176 212.08 -0.00730754 0.0173747 0.999822 0.353305
0.451829 -0.891877 0.0201317 110.529 0.892071 0.451894 -0.00148813 213.248 -0.00777016 0.0186313 0.999796 0.346672
0.465501 -0.88482 0.0200778 111.185 0.885028 0.465521 -0.00396867 214.461 -0.00583506 0.0196168 0.999791 0.338379
0.47175 -0.881487 0.020807 111.879 0.881715 0.471756 -0.0049235 215.724 -0.00547585 0.0206685 0.999771 0.333241
0.474581 -0.879934 0.0221163 112.604 0.88017 0.474654 -0.00213675 217.047 -0.0086174 0.0204802 0.999753 0.326461
0.474788 -0.879747 0.0249332 113.365 0.880014 0.474947 0.000508494 218.429 -0.0122893 0.0217001 0.999689 0.309615
0.471911 -0.881305 0.0245158 114.151 0.881613 0.471952 -0.00446294 219.857 -0.00763705 0.0237195 0.999689 0.281076
0.470599 -0.882195 0.0163944 114.954 0.882344 0.470466 -0.0114425 221.332 0.0023815 0.0198504 0.9998 0.257001
0.470532 -0.882218 0.0170827 115.787 0.882377 0.470514 -0.00529489 222.867 -0.00336638 0.0175648 0.99984 0.246026
0.470648 -0.881915 0.0267536 116.649 0.882114 0.470978 0.00739866 224.449 -0.0191254 0.0201176 0.999615 0.23374
0.469408 -0.882506 0.028987 117.53 0.882915 0.469523 -0.00311212 226.053 -0.0108636 0.0270539 0.999575 0.20265
0.467529 -0.883618 0.0252047 118.425 0.883976 0.467283 -0.0152755 227.699 0.00171995 0.0294221 0.999566 0.180267
0.466187 -0.884387 0.0230096 119.338 0.884685 0.46599 -0.013597 229.408 0.00130273 0.0266949 0.999643 0.181588
0.465965 -0.884385 0.0271831 120.276 0.88472 0.466122 -0.000638478 231.166 -0.012106 0.0243469 0.99963 0.180351
0.467069 -0.883702 0.0302945 121.246 0.884098 0.467301 0.000628198 232.935 -0.0147118 0.0264899 0.999541 0.164396
0.46722 -0.883683 0.0284524 122.224 0.884119 0.467193 -0.0079988 234.718 -0.00622433 0.0288925 0.999563 0.147662
0.46633 -0.884127 0.0292493 123.214 0.884598 0.466247 -0.00999609 236.534 -0.00479959 0.0305353 0.999522 0.143369
0.463529 -0.885436 0.0338053 124.218 0.886012 0.463634 -0.00513625 238.382 -0.0111255 0.0323327 0.999415 0.135222
0.460533 -0.886994 0.033937 125.216 0.887633 0.460373 -0.0128502 240.231 -0.00422562 0.0360415 0.999341 0.122375
0.458285 -0.888292 0.0302068 126.213 0.888803 0.457944 -0.0177795 242.092 0.00196033 0.034996 0.999386 0.130119
0.455683 -0.88963 0.0301806 127.211 0.890135 0.455551 -0.0115109 243.975 -0.00350834 0.0321101 0.999478 0.140592
0.453183 -0.890875 0.0311115 128.205 0.891339 0.453329 -0.00257761 245.859 -0.0118074 0.0288991 0.999513 0.144281
0.452474 -0.891307 0.0289749 129.187 0.891696 0.452634 -0.00113267 247.722 -0.0121055 0.0263493 0.999579 0.133868
0.452978 -0.891118 0.0268205 130.159 0.891495 0.452991 -0.00594587 249.568 -0.00685097 0.0266037 0.999623 0.125733
0.452841 -0.891236 0.0251599 131.129 0.891591 0.452696 -0.0115135 251.404 -0.00112856 0.0276461 0.999617 0.127439
0.453648 -0.890838 0.0247417 132.089 0.891163 0.45364 -0.00622457 253.238 -0.00567875 0.0248726 0.999674 0.140875
0.454389 -0.89051 0.0228459 133.036 0.890763 0.454464 -0.0021297 255.063 -0.00848613 0.021318 0.999737 0.150206
0.455363 -0.89 0.0233519 133.979 0.890146 0.455622 0.00700753 256.893 -0.0168763 0.0175956 0.999703 0.142146
0.456398 -0.889623 0.0164622 134.92 0.889682 0.45654 0.00605788 258.714 -0.0129049 0.0118813 0.999846 0.118736
0.457365 -0.889237 0.00868895 135.859 0.889263 0.457394 0.00159577 260.529 -0.00539329 0.00699691 0.999961 0.101232
0.458257 -0.888816 0.00249706 136.799 0.888815 0.458262 0.00197577 262.347 -0.0029004 0.00131401 0.999995 0.0986231
0.458121 -0.888884 0.00315083 137.75 0.888867 0.458132 0.00554635 264.168 -0.00637356 0.000259772 0.99998 0.0998154
0.457393 -0.889248 0.0054202 138.725 0.889219 0.457422 0.00734647 265.986 -0.00901216 0.00145952 0.999958 0.0956005
0.458241 -0.888816 0.00473584 139.701 0.888786 0.458264 0.00730331 267.816 -0.00866156 0.000862468 0.999962 0.0859049
0.459574 -0.888124 0.00532193 140.688 0.888099 0.459602 0.00682182 269.662 -0.00850459 0.00159127 0.999963 0.0768958
0.460496 -0.887648 0.00488381 141.68 0.887609 0.460522 0.00832303 271.53 -0.00963703 0.000502193 0.999953 0.0737623
0.461412 -0.887183 0.00216944 142.676 0.887176 0.461417 0.0036428 273.409 -0.00423285 0.00024384 0.999991 0.0718096
0.461401 -0.887186 0.00314784 143.679 0.887185 0.461409 0.00226964 275.315 -0.00346603 0.0017455 0.999992 0.0794314
0.461909 -0.886908 0.00585589 144.682 0.886854 0.461946 0.00983695 277.239 -0.0114296 0.000649539 0.999934 0.0963349
0.462604 -0.886526 0.00824882 145.682 0.886431 0.462676 0.0130784 279.162 -0.0154109 0.0012619 0.99988 0.101721
0.462647 -0.886466 0.0116945 146.682 0.886429 0.462758 0.00988337 281.068 -0.014173 0.00579381 0.999883 0.102843
0.46232 -0.886625 0.0124985 147.679 0.886661 0.4624 0.00427769 282.963 -0.00957202 0.00910431 0.999913 0.105546
0.461959 -0.886723 0.017791 148.673 0.886795 0.462121 0.00620934 284.861 -0.0137276 0.0129085 0.999822 0.109881
0.461429 -0.88682 0.0251537 149.653 0.886967 0.461751 0.00866389 286.765 -0.019298 0.0183127 0.999646 0.112448
0.46117 -0.886899 0.027068 150.624 0.887231 0.461326 -0.000532527 288.64 -0.0120149 0.0242612 0.999633 0.107122
0.460439 -0.887217 0.0290337 151.589 0.88762 0.460571 -0.00235667 290.493 -0.0112812 0.026856 0.999576 0.112611
0.458493 -0.888015 0.0348438 152.536 0.88855 0.45878 0.000270503 292.314 -0.0162258 0.0308364 0.999393 0.122632
0.456576 -0.88877 0.0403215 153.467 0.889447 0.457032 0.00239602 294.101 -0.0205577 0.0347699 0.999184 0.121709
0.45478 -0.889611 0.0420368 154.381 0.890427 0.455123 -0.00158293 295.858 -0.0177237 0.0381506 0.999115 0.116108
0.453086 -0.890579 0.0397707 155.263 0.891334 0.453338 -0.00293218 297.587 -0.0154183 0.0367775 0.999205 0.110268
0.451808 -0.891246 0.039374 156.122 0.891965 0.452102 -0.00158739 299.277 -0.0163863 0.0358374 0.999223 0.109226
0.451036 -0.891778 0.0360273 156.951 0.892355 0.451334 0.000135891 300.929 -0.0163815 0.0320879 0.999351 0.109899
0.45158 -0.891575 0.0342038 157.756 0.892132 0.451769 -0.00242336 302.52 -0.0132916 0.0316087 0.999412 0.101059
0.454048 -0.890342 0.0336472 158.538 0.89086 0.454276 -0.000953774 304.058 -0.0144359 0.030408 0.999433 0.100796
0.456843 -0.888746 0.0377345 159.3 0.889396 0.457136 -0.000973295 305.519 -0.0163848 0.0340056 0.999287 0.107298
0.459667 -0.887111 0.0417116 160.037 0.887882 0.460071 0.000110338 306.9 -0.0192882 0.0369843 0.99913 0.124425
0.462227 -0.885723 0.0429183 160.73 0.886472 0.462771 0.00317594 308.198 -0.0226744 0.0365779 0.999074 0.132551
0.464654 -0.884506 0.0417794 161.377 0.885264 0.465089 0.000784075 309.407 -0.0201246 0.0366214 0.999127 0.140743
0.467379 -0.883263 0.0374667 161.976 0.88398 0.467479 -0.00659035 310.53 -0.0116939 0.0362 0.999276 0.15091
0.468184 -0.882699 0.0405786 162.81 0.883442 0.46854 -0.000818623 312.082 -0.0182901 0.0362321 0.999176 0.167402
0.458697 -0.887847 0.036402 163.532 0.888485 0.458893 -0.00326612 313.45 -0.0138048 0.0338408 0.999332 0.186352
0.427664 -0.903334 0.0330235 164.124 0.903906 0.42767 -0.00723414 314.7 -0.00758832 0.0329439 0.999428 0.20904
0.340244 -0.939892 0.0289436 164.736 0.940279 0.340404 0.00062487 316.353 -0.0104398 0.0270025 0.999581 0.246697
0.184107 -0.982569 0.0257416 165.085 0.982826 0.184364 0.00794782 318.032 -0.0125551 0.0238363 0.999637 0.292059
-0.0163437 -0.999701 0.0182131 165.109 0.999622 -0.0159341 0.0224091 319.711 -0.0221122 0.0185724 0.999583 0.321891
-0.189661 -0.981799 0.0100009 164.875 0.981355 -0.189232 0.0336568 321.027 -0.0311517 0.0161978 0.999383 0.312849
-0.369223 -0.929146 0.0190543 164.409 0.928677 -0.368107 0.0453398 322.363 -0.0351133 0.0344358 0.99879 0.295062
-0.546861 -0.836634 0.0314265 163.666 0.836997 -0.545455 0.0437473 323.626 -0.0194587 0.0502276 0.998548 0.27372
-0.706443 -0.706423 0.0436363 162.638 0.70777 -0.705106 0.0434407 324.758 8.07475e-05 0.0615729 0.998103 0.276091
-0.823228 -0.56743 0.0178385 161.297 0.567643 -0.822239 0.0412861 325.717 -0.00875948 0.0441138 0.998988 0.301179
-0.885159 -0.46528 -0.00289183 159.737 0.465054 -0.884893 0.0262353 326.522 -0.0147657 0.0218776 0.999652 0.317185
-0.902676 -0.43011 -0.0134267 158.622 0.429691 -0.902605 0.0258867 327.045 -0.0232532 0.017598 0.999575 0.321622
-0.90951 -0.415654 -0.00478998 157.485 0.415584 -0.909487 0.0111208 327.545 -0.00897882 0.00812383 0.999927 0.322145
-0.910688 -0.412896 0.0127845 156.315 0.412986 -0.910722 0.00524606 328.077 0.00947709 0.0100574 0.999905 0.317517
-0.909863 -0.414843 0.00735707 155.085 0.414907 -0.909757 0.0139115 328.649 0.000922073 0.0157101 0.999876 0.345952
-0.909122 -0.416513 0.00389707 153.816 0.416529 -0.909046 0.0117808 329.227 -0.00136424 0.0123334 0.999923 0.367531
-0.907239 -0.42061 0.00230355 152.503 0.420616 -0.907233 0.00317569 329.822 0.00075413 0.00385001 0.999992 0.381781
-0.903386 -0.428828 0.00055057 151.144 0.428826 -0.903384 -0.00234893 330.446 0.00150466 -0.00188589 0.999997 0.399311
-0.899627 -0.4366 -0.00712574 149.73 0.436631 -0.899634 -0.00347465 331.123 -0.00489352 -0.00623721 0.999969 0.419082
-0.896773 -0.4424 -0.00900431 148.267 0.442454 -0.896777 -0.00512515 331.834 -0.00580749 -0.00858008 0.999946 0.427827
-0.893803 -0.448435 -0.00478643 146.76 0.44845 -0.893804 -0.00267681 332.599 -0.00307775 -0.00453901 0.999985 0.424554
-0.890886 -0.454042 -0.0129693 145.192 0.45405 -0.890973 0.00251356 333.401 -0.0126966 -0.00364943 0.999913 0.420649
-0.888194 -0.459129 -0.0176841 143.604 0.459051 -0.888369 0.00849628 334.235 -0.0196109 -0.000571546 0.999808 0.409882
-0.88596 -0.463506 -0.0153738 142.002 0.463517 -0.886083 0.00305959 335.076 -0.0150406 -0.00441535 0.999877 0.399072
-0.885262 -0.464975 -0.0105085 140.386 0.464978 -0.885319 0.00224514 335.937 -0.0103473 -0.0028987 0.999942 0.392495
-0.885736 -0.464047 -0.011537 138.75 0.464031 -0.885809 0.00413634 336.804 -0.0121391 -0.00168983 0.999925 0.393719
-0.886748 -0.462057 -0.0134728 137.119 0.462045 -0.886847 0.00417013 337.662 -0.0138751 -0.00252718 0.999901 0.390882
-0.88779 -0.459959 -0.0163142 135.489 0.46 -0.887918 0.0013704 338.511 -0.015116 -0.00628792 0.999866 0.387688
-0.888734 -0.458122 -0.0166193 133.87 0.458181 -0.888859 0.000251917 339.358 -0.0148876 -0.00739078 0.999862 0.386992
-0.890715 -0.454379 -0.012873 132.253 0.454422 -0.890786 -0.000484482 340.201 -0.0112469 -0.00628129 0.999917 0.380293
-0.893927 -0.447779 -0.019724 130.625 0.447854 -0.894106 0.000682468 341.031 -0.017941 -0.00822341 0.999805 0.376358
-0.897014 -0.441356 -0.0238768 129 0.441574 -0.897214 -0.00446729 341.836 -0.0194509 -0.0145506 0.999705 0.374027
-0.899294 -0.436868 -0.020405 127.384 0.437123 -0.899345 -0.0101237 342.625 -0.0139284 -0.0180237 0.999741 0.366493
-0.900588 -0.434363 -0.0164253 125.771 0.434536 -0.900611 -0.00887678 343.419 -0.010937 -0.0151317 0.999826 0.366795
-0.900535 -0.43424 -0.0217454 124.159 0.434463 -0.900665 -0.00664509 344.212 -0.0166997 -0.0154317 0.999741 0.378913
-0.898637 -0.438353 -0.0172936 122.563 0.438569 -0.898622 -0.0116325 344.999 -0.0104413 -0.0180378 0.999783 0.383228
-0.895207 -0.445119 -0.0217618 120.969 0.445448 -0.895205 -0.0135573 345.793 -0.0134467 -0.0218304 0.999671 0.39117
-0.890672 -0.45396 -0.024984 119.387 0.454357 -0.890722 -0.0132355 346.598 -0.0162454 -0.0231402 0.9996 0.392114
-0.885902 -0.46315 -0.0258892 117.826 0.463542 -0.885998 -0.0116716 347.417 -0.017532 -0.0223406 0.999597 0.388421
-0.881019 -0.472518 -0.0230866 116.284 0.472855 -0.881058 -0.0120879 348.244 -0.0146289 -0.0215663 0.99966 0.388277
-0.876095 -0.481686 -0.0209078 114.756 0.482001 -0.876059 -0.0140302 349.075 -0.0115583 -0.0223694 0.999683 0.395899
-0.871109 -0.490585 -0.0222461 113.241 0.490918 -0.871108 -0.0130514 349.924 -0.012976 -0.0222902 0.999667 0.402192
-0.866569 -0.498372 -0.0261442 111.739 0.498761 -0.86667 -0.0109691 350.786 -0.0171917 -0.0225452 0.999598 0.404166
-0.863306 -0.50404 -0.0254325 110.27 0.504321 -0.863497 -0.00576884 351.654 -0.0190532 -0.0178064 0.99966 0.406571
-0.861555 -0.507279 -0.0197686 108.86 0.507424 -0.861692 -0.00279858 352.495 -0.0156148 -0.0124422 0.999801 0.408635
-0.860845 -0.508586 -0.0169159 107.515 0.508642 -0.860978 0.00115155 353.301 -0.0151499 -0.00761284 0.999856 0.417552
-0.861432 -0.507727 -0.0121912 106.243 0.507721 -0.861513 0.00381139 354.063 -0.012438 -0.00290648 0.999918 0.429149
-0.86422 -0.503002 -0.0106257 105.044 0.502936 -0.864283 0.00839325 354.776 -0.0134055 0.00190955 0.999908 0.441369
-0.868808 -0.494997 -0.0122604 103.923 0.494849 -0.868878 0.0132761 355.426 -0.0172244 0.00546734 0.999837 0.456244
-0.874914 -0.4842 -0.00870785 102.868 0.484059 -0.874917 0.0144099 356.019 -0.0145959 0.00839227 0.999858 0.46526
-0.882121 -0.470978 -0.00649578 101.817 0.470871 -0.882104 0.0131839 356.585 -0.0119393 0.00857113 0.999892 0.474348
-0.888983 -0.457873 -0.00789386 100.768 0.457744 -0.888974 0.0139878 357.131 -0.0134221 0.00882158 0.999871 0.488288
-0.895324 -0.445401 -0.00371668 99.7244 0.445357 -0.895309 0.0089288 357.652 -0.00730447 0.00633892 0.999953 0.499786
-0.901008 -0.433799 0.00188258 98.686 0.433802 -0.900985 0.00651672 358.162 -0.00113077 0.00668828 0.999977 0.507728
-0.907784 -0.419421 0.00386764 97.0939 0.419426 -0.907789 0.000690428 358.907 0.00322142 0.00224895 0.999992 0.531833
-0.911634 -0.410969 0.00523088 96.0006 0.410982 -0.911642 0.00150402 359.41 0.00415058 0.00352091 0.999985 0.548557
-0.914473 -0.404615 0.00503125 94.8757 0.404594 -0.914484 -0.00475122 359.904 0.00652341 -0.00230925 0.999976 0.567317
-0.916022 -0.401094 0.00526198 93.7262 0.401038 -0.916015 -0.00923538 360.408 0.00852432 -0.00634956 0.999943 0.58154
-0.916387 -0.400264 0.00489713 92.5416 0.400219 -0.916383 -0.00817108 360.934 0.00775824 -0.00552794 0.999955 0.596647
-0.916046 -0.401041 -0.00511291 91.3037 0.401069 -0.91602 -0.00713635 361.473 -0.00182156 -0.00858786 0.999961 0.605109
-0.914514 -0.403596 -0.0278223 89.9986 0.403813 -0.914839 -0.00242274 362.039 -0.0244751 -0.0134506 0.99961 0.599959
-0.912095 -0.408997 -0.028372 88.6719 0.409376 -0.912323 -0.0088848 362.621 -0.0222505 -0.0197186 0.999558 0.591801
-0.908946 -0.41685 -0.00728505 87.3141 0.416905 -0.908676 -0.0223256 363.232 0.00268667 -0.0233299 0.999724 0.555667
-0.904845 -0.424273 -0.0353351 85.8542 0.424838 -0.905214 -0.010027 363.911 -0.0277317 -0.0240845 0.999325 0.540809
-0.901803 -0.431014 -0.0312978 84.3805 0.431434 -0.90211 -0.00788621 364.621 -0.024835 -0.0206148 0.999479 0.510626
-0.898832 -0.438244 -0.00652552 82.8795 0.438273 -0.898552 -0.0228195 365.345 0.00413701 -0.0233709 0.999718 0.473857
