0.478682 -0.87775 0.0204598 0.683951 0.877971 0.478687 -0.00496789 0.553054 -0.0054333 0.0203412 0.999778 0.788652
0.476246 -0.879206 0.0136662 1.53632 0.879309 0.476228 -0.0047609 2.19632 -0.0023224 0.0142841 0.999895 0.770771
0.47384 -0.880516 0.012931 2.333 0.880605 0.473841 -0.00314779 3.75288 -0.00335557 0.0128787 0.999911 0.791906
0.471409 -0.8818 0.0142288 3.20337 0.881902 0.471426 -0.00236679 5.3955 -0.00462079 0.0136641 0.999896 0.808746
0.469095 -0.883004 0.0158964 4.06983 0.883142 0.469082 -0.00478248 7.00049 -0.00323376 0.0162822 0.999862 0.825605
0.468196 -0.883496 0.0150732 4.96115 0.883588 0.468263 0.00108052 8.69938 -0.00801287 0.0128126 0.999886 0.805176
0.470137 -0.882385 0.0191656 5.84733 0.882496 0.470297 0.00466028 10.3404 -0.0131257 0.0147226 0.999805 0.807916
0.473341 -0.880579 0.0230013 6.73409 0.880795 0.473495 0.00143052 12.0574 -0.0121507 0.0195823 0.999734 0.795987
0.475663 -0.879403 0.0198578 7.6093 0.879607 0.475685 -0.0039234 13.698 -0.00599581 0.0193333 0.999795 0.794365
0.476399 -0.879037 0.0183895 8.57086 0.879174 0.476499 0.00118997 15.4363 -0.0098086 0.0156007 0.99983 0.824404
0.475803 -0.878916 0.0334422 9.51225 0.879461 0.475956 -0.00373133 17.1638 -0.0126375 0.0311865 0.999434 0.810624
0.472614 -0.880375 0.0397117 10.4358 0.881242 0.472478 -0.0133367 18.8898 -0.00702154 0.0412987 0.999122 0.794196
0.470301 -0.881921 0.0321218 11.3879 0.882481 0.470249 -0.00962555 20.6734 -0.00661625 0.0328737 0.999438 0.79498
0.46792 -0.883272 0.0296804 12.3103 0.883713 0.46801 -0.00426679 22.4796 -0.010122 0.0282255 0.99955 0.804937
0.46672 -0.88385 0.0313414 13.263 0.88427 0.466974 0.000923225 24.2099 -0.0154516 0.0272834 0.999508 0.789929
0.466717 -0.883799 0.0327848 14.1874 0.88422 0.46706 0.00324142 26.0464 -0.0181772 0.0274762 0.999457 0.759053
0.466798 -0.883657 0.0353514 15.1073 0.884241 0.467027 -0.00199254 27.7988 -0.0147493 0.0321893 0.999373 0.731517
0.464322 -0.884987 0.034691 16.021 0.885541 0.464559 -0.0013611 29.5688 -0.0149115 0.0313523 0.999397 0.746289
0.463861 -0.885134 0.0370173 16.9202 0.885787 0.464082 -0.00289231 31.2868 -0.014619 0.0341311 0.99931 0.722743
0.462916 -0.88587 0.0306976 17.8262 0.886365 0.462934 -0.00694395 33.1164 -0.00805954 0.0304238 0.999505 0.753629
0.462422 -0.886066 0.0324308 18.7419 0.886551 0.462629 -0.0012541 34.8197 -0.0138922 0.0293315 0.999473 0.744149
0.462072 -0.886123 0.0357114 19.6475 0.886737 0.462264 -0.00318484 36.5577 -0.0136859 0.0331382 0.999357 0.75048
0.460979 -0.88663 0.0372283 20.5544 0.887314 0.461143 -0.00457722 38.2426 -0.0131093 0.0351432 0.999296 0.740949
0.458922 -0.887334 0.0450473 21.4426 0.888233 0.459393 0.000114724 39.9653 -0.0207962 0.0399599 0.998985 0.757577
0.457123 -0.888132 0.0475365 22.2851 0.889142 0.457632 -0.000210542 41.6814 -0.0215672 0.0423629 0.998869 0.728699
0.455103 -0.889419 0.0425972 23.1224 0.890383 0.455089 -0.0105776 43.2955 -0.0099776 0.0427417 0.999036 0.713914
0.453664 -0.890505 0.0344938 23.9338 0.891098 0.453788 -0.00458785 44.9659 -0.0115674 0.0328187 0.999394 0.714508
0.451205 -0.891741 0.0348174 24.6949 0.892322 0.451392 -0.0027473 46.5012 -0.0132664 0.032308 0.99939 0.720011
0.448012 -0.893388 0.0338146 25.4491 0.893913 0.448239 -0.000957328 48.06 -0.0143018 0.0306563 0.999428 0.718594
0.445773 -0.894427 0.035884 26.1869 0.895009 0.446047 -0.00039447 49.538 -0.0156531 0.0322923 0.999356 0.710518
0.443608 -0.895561 0.0343854 26.8841 0.895979 0.444053 0.00621908 50.9862 -0.0208385 0.0280497 0.999389 0.659115
0.440511 -0.897136 0.033134 27.5567 0.897496 0.440961 0.0074131 52.377 -0.0212614 0.0264721 0.999423 0.67639
0.438421 -0.89838 0.0264439 28.4643 0.898738 0.438462 -0.0045539 54.3363 -0.00750353 0.0257627 0.99964 0.690261
0.435242 -0.899826 0.0296282 29.3586 0.900272 0.435304 -0.00468016 56.1902 -0.00868592 0.0287104 0.99955 0.715541
0.438625 -0.898115 0.0315972 30.1534 0.89867 0.43836 -0.0152244 57.7958 -0.000177706 0.0350733 0.999385 0.729569
0.450903 -0.892012 0.0316507 30.9007 0.892533 0.450937 -0.0064616 59.2824 -0.00850863 0.0311628 0.999478 0.752722
0.479469 -0.876877 0.034592 31.6289 0.877445 0.479669 -0.00278969 60.6649 -0.0141465 0.0316902 0.999398 0.743517
0.537483 -0.842546 0.0350388 32.4422 0.843072 0.537801 -0.000417111 61.9183 -0.0184925 0.0297644 0.999386 0.76032
0.652098 -0.757022 0.0410724 33.5578 0.757537 0.652777 0.00434669 63.2717 -0.0301017 0.0282794 0.999147 0.726129
0.796265 -0.603618 0.0400856 34.8462 0.604022 0.796964 0.00250921 64.389 -0.0334614 0.0222146 0.999193 0.701546
0.922541 -0.383953 0.0387097 36.3086 0.384269 0.923221 -0.000804132 65.0361 -0.0354289 0.0156168 0.99925 0.66872
0.995366 -0.0855327 0.0439495 38.1887 0.0858851 0.996286 -0.00618667 65.2637 -0.0432571 0.0099326 0.999015 0.622084
0.985421 0.165626 0.0388989 40.0338 -0.165038 0.986125 -0.0178754 65.0274 -0.0413198 0.011195 0.999083 0.57272
0.94431 0.326725 0.0391116 41.7288 -0.32682 0.945078 -0.00413614 64.4864 -0.0383149 -0.00887666 0.999226 0.467358
0.91462 0.403751 0.0213262 43.2898 -0.403637 0.914869 -0.00962408 63.7404 -0.0233964 0.00019434 0.999726 0.411171
0.889782 0.455607 0.0266457 45.0774 -0.455343 0.890179 -0.0156036 62.8341 -0.0308285 0.00175091 0.999523 0.366081
0.878094 0.477849 0.0247094 46.4737 -0.477493 0.878428 -0.0190813 62.0689 -0.0308234 0.00495657 0.999513 0.31716
0.871296 0.490293 0.0213529 48.0306 -0.489916 0.871525 -0.020635 61.1734 -0.0287268 0.00751809 0.999559 0.263992
0.86632 0.499054 0.0208266 49.7168 -0.498625 0.866521 -0.022662 60.143 -0.0293563 0.0092479 0.999526 0.203534
0.867547 0.497004 0.0186675 51.5479 -0.496394 0.867593 -0.0295735 59.1059 -0.0308939 0.01639 0.999388 0.163553
0.870969 0.491037 0.0171892 52.8721 -0.49036 0.87091 -0.0325895 58.3749 -0.0309729 0.0199555 0.999321 0.127099
0.874697 0.48428 0.0194413 54.2111 -0.483577 0.874714 -0.0320746 57.6217 -0.0325387 0.0186542 0.999296 0.0909661
0.878567 0.477017 0.0239739 55.6323 -0.476282 0.878757 -0.0306898 56.959 -0.0357068 0.0155447 0.999241 -0.00175136
0.882115 0.470611 0.0199452 57.0569 -0.469887 0.882132 -0.0324038 56.2365 -0.0328439 0.0192119 0.999276 -0.0219167
0.882872 0.469327 0.0163918 58.5663 -0.4689 0.882917 -0.0242801 55.4341 -0.025868 0.0137501 0.999571 -0.0791751
0.88313 0.468683 0.0204348 60.0536 -0.46843 0.883354 -0.0160572 54.7198 -0.0255769 0.0046083 0.999662 -0.0963809
0.882904 0.469112 0.020372 61.5692 -0.468751 0.8831 -0.0201623 53.9532 -0.0274489 0.00825198 0.999589 -0.118291
0.883032 0.468724 0.0235021 62.9707 -0.468459 0.883339 -0.0160755 53.2323 -0.0282952 0.0031854 0.999595 -0.130187
0.881496 0.471569 0.0242329 64.5061 -0.471422 0.881828 -0.0118003 52.5005 -0.0269339 -0.00102198 0.999637 -0.165765
0.877557 0.47844 0.0314469 65.9882 -0.478491 0.878069 -0.00637649 51.7045 -0.0306634 -0.00945136 0.999485 -0.167393
0.870981 0.490154 0.0337721 67.4314 -0.49028 0.871551 -0.00503661 50.9912 -0.0319028 -0.012171 0.999417 -0.187116
0.862118 0.505794 0.0304098 68.8479 -0.505763 0.862622 -0.00928965 50.1649 -0.0309308 -0.00737137 0.999494 -0.222131
0.851411 0.52358 0.0310282 70.2961 -0.523525 0.851945 -0.0105042 49.3332 -0.0319341 -0.00730061 0.999463 -0.229336
0.839575 0.54234 0.031322 71.5645 -0.542265 0.840128 -0.0115617 48.5018 -0.0325848 -0.00727793 0.999442 -0.263394
0.827016 0.561326 0.0309589 72.8817 -0.561285 0.827552 -0.0108171 47.6229 -0.031692 -0.00843084 0.999462 -0.314936
0.815499 0.578026 0.0290908 74.1708 -0.577949 0.815987 -0.0118493 46.7615 -0.030587 -0.00714992 0.999507 -0.328524
0.80435 0.593384 0.0302675 75.4192 -0.593391 0.804855 -0.00971742 45.876 -0.0301271 -0.0101443 0.999495 -0.349117
0.793718 0.607571 0.0294931 76.622 -0.607526 0.794217 -0.0114697 44.9408 -0.0303925 -0.00881416 0.999499 -0.388332
0.787834 0.615065 0.0318225 77.7764 -0.614895 0.788446 -0.0160222 44.0254 -0.034945 -0.00694469 0.999365 -0.404455
0.784865 0.618838 0.0320364 79.3827 -0.618556 0.785505 -0.0192489 42.7957 -0.0370767 -0.00470853 0.999301 -0.470215
0.790021 0.612474 0.0272518 80.9659 -0.612096 0.790491 -0.0215009 41.5579 -0.034711 0.000305424 0.999397 -0.502167
0.809106 0.586984 0.0282358 82.3796 -0.586717 0.809596 -0.0178247 40.5181 -0.0333224 -0.00214438 0.999442 -0.534444
0.845377 0.533741 0.0214003 83.7515 -0.533512 0.845646 -0.0157446 39.5738 -0.0265006 0.00189276 0.999647 -0.554548
0.893525 0.448582 0.019699 85.1116 -0.448404 0.893738 -0.0128955 38.8897 -0.0233904 0.00268933 0.999723 -0.604592
0.961839 0.271506 0.0339157 87.0867 -0.271322 0.962436 -0.0100133 38.3377 -0.0353604 0.000429091 0.999375 -0.646463
0.999568 0.0189216 0.0224787 89.017 -0.0185477 0.999688 -0.0167245 38.2586 -0.0227881 0.0163004 0.999607 -0.620712
0.965387 -0.2605 0.0129393 90.9503 0.260698 0.965266 -0.0172544 38.7318 -0.00799512 0.0200305 0.999767 -0.674844
0.891617 -0.451892 0.0285162 92.3124 0.452332 0.89178 -0.01114 39.409 -0.0203961 0.0228313 0.999531 -0.680408
0.800468 -0.598302 0.0358521 93.5451 0.598705 0.800969 -0.000656185 40.2296 -0.0283238 0.0219901 0.999357 -0.702679
0.729319 -0.683633 0.0271894 94.6005 0.683774 0.729675 0.00516462 41.1969 -0.0233701 0.0148248 0.999617 -0.764158
0.696052 -0.717327 0.0308716 95.6956 0.717613 0.696438 0.00250217 42.4275 -0.0232951 0.0204122 0.99952 -0.781687
0.681521 -0.73163 0.0157006 96.7503 0.731507 0.681698 0.0136212 43.6354 -0.0206688 0.00220198 0.999784 -0.833257
0.684171 -0.729268 0.00888283 97.8628 0.729282 0.68421 0.00207848 44.8748 -0.00759349 0.00505606 0.999958 -0.834878
0.69498 -0.719029 0.000848258 99.0786 0.719003 0.694964 0.00772518 46.2234 -0.00614413 -0.00475894 0.99997 -0.839584
0.706559 -0.707576 0.0105135 100.474 0.707442 0.706634 0.0139809 47.5319 -0.0173218 -0.00244066 0.999847 -0.849873
0.708797 -0.705096 0.0211106 101.903 0.705329 0.708855 -0.0059102 49.0111 -0.0107971 0.0190791 0.99976 -0.84432
0.705351 -0.708824 0.00696762 102.893 0.708856 0.705339 -0.00444383 50.007 -0.00176465 0.00807349 0.999966 -0.865704
0.701958 -0.712125 0.0114945 103.936 0.712142 0.702028 0.00332842 51.0804 -0.0104397 0.00584928 0.999928 -0.855807
0.699281 -0.714661 0.0163311 104.927 0.7147 0.699418 0.00432232 52.1701 -0.0145113 0.00864935 0.999857 -0.857987
0.695587 -0.718401 0.0076187 106.052 0.718414 0.695614 0.00138611 53.3436 -0.00629546 0.00450921 0.99997 -0.870519
0.689109 -0.724633 0.0060215 107.188 0.72465 0.689116 -0.000984477 54.4811 -0.00343613 0.00504189 0.999981 -0.895649
0.684767 -0.728675 0.0112923 108.308 0.72872 0.684812 0.000188713 55.7281 -0.00787058 0.00809966 0.999936 -0.868687
0.683242 -0.730074 0.0131376 109.456 0.730115 0.683321 0.00221578 56.9672 -0.0105949 0.00807802 0.999911 -0.871771
0.682851 -0.730418 0.0142779 110.616 0.730475 0.682937 0.00163951 58.2183 -0.0109484 0.00931012 0.999897 -0.91168
0.684067 -0.72939 0.00644672 111.762 0.729373 0.684097 0.00511284 59.5262 -0.00813943 0.00120454 0.999966 -0.89534
0.687656 -0.726036 0.000493117 112.933 0.725977 0.687609 0.01228 60.8084 -0.0092548 -0.00808643 0.999924 -0.909645
0.690909 -0.722941 -0.000594292 114.141 0.72291 0.69087 0.00999421 62.1157 -0.00681465 -0.00733471 0.99995 -0.889264
0.691998 -0.721859 0.00757604 115.425 0.721879 0.69202 0.000259321 63.362 -0.00542996 0.00528953 0.999971 -0.865562
0.694071 -0.71984 0.00977151 116.621 0.719868 0.69411 0.00089365 64.7032 -0.00742579 0.00641394 0.999952 -0.873572
0.695446 -0.718464 0.0128132 117.835 0.718371 0.695563 0.0116093 65.9928 -0.0172533 0.00113099 0.999851 -0.935065
0.697522 -0.716551 0.00428542 119.044 0.716562 0.697494 -0.00642018 67.21 0.00161133 0.00754898 0.99997 -0.875028
0.696058 -0.717933 0.00867796 120.229 0.717986 0.696013 -0.00794124 68.4762 -0.000338685 0.0117582 0.999931 -0.850726
0.693513 -0.719732 0.032028 121.456 0.719751 0.69411 0.0130118 69.805 -0.0315959 0.0140283 0.999402 -0.934376
0.692436 -0.721319 0.0151838 122.635 0.721393 0.692525 0.000854108 71.0324 -0.0111313 0.0103621 0.999884 -0.867081
0.689976 -0.723775 0.00909516 123.799 0.723822 0.689979 -0.00334499 72.3011 -0.00385445 0.00889123 0.999953 -0.890534
0.685022 -0.728419 0.0122819 124.938 0.728511 0.685009 -0.00583775 73.5037 -0.00416089 0.0129465 0.999907 -0.878282
0.678368 -0.734676 0.00821684 126.109 0.734719 0.678354 -0.00489784 74.7695 -0.0019756 0.00935961 0.999954 -0.845452
0.675748 -0.73712 0.00434371 127.209 0.737128 0.675754 -0.000184841 76.0275 -0.00279903 0.00332677 0.999991 -0.821651
0.673514 -0.739149 0.00616466 128.328 0.739142 0.673539 0.00380073 77.2757 -0.00696145 0.00199671 0.999974 -0.832999
0.66887 -0.743338 0.00779634 129.495 0.743378 0.668854 -0.00494981 78.5652 -0.00153523 0.0091064 0.999957 -0.797131
0.658277 -0.752711 0.00987801 130.522 0.752762 0.658287 -0.0026972 79.7759 -0.00447236 0.0092113 0.999948 -0.820269
0.650613 -0.759177 0.0187887 131.673 0.75913 0.650846 0.0110055 81.116 -0.0205836 0.00710278 0.999763 -0.858406
0.642943 -0.765627 0.0209534 132.719 0.765636 0.643206 0.00936369 82.4189 -0.0206464 0.0100223 0.999737 -0.801107
0.63376 -0.773421 0.0129375 133.777 0.773514 0.633765 -0.00424259 83.7198 -0.004918 0.0126961 0.999907 -0.803356
0.622046 -0.782904 0.0109807 134.819 0.782942 0.622093 0.00122341 85.0212 -0.00778884 0.00783625 0.999939 -0.854999
0.608989 -0.793178 0.00123231 135.862 0.793178 0.60899 0.000695737 86.4456 -0.00130231 0.000553748 0.999999 -0.822347
0.595592 -0.803286 0.00147796 136.871 0.803287 0.595591 -0.000914846 87.8061 -0.000145379 0.0017321 0.999999 -0.814872
0.582698 -0.812675 0.00476357 137.853 0.81259 0.582709 0.01219 89.2304 -0.0126823 -0.00323226 0.999914 -0.837459
0.570716 -0.821132 0.00500647 138.825 0.820994 0.570716 0.0158449 90.6753 -0.0158681 -0.00493267 0.999862 -0.825668
0.563479 -0.82613 -0.000605911 139.798 0.826073 0.563431 0.0122293 92.1221 -0.00976159 -0.00739148 0.999925 -0.794233
0.55748 -0.830109 -0.0116083 140.729 0.83019 0.557429 0.00752906 93.554 0.000220858 -0.0138344 0.999904 -0.806098
0.552176 -0.833702 -0.00660603 141.688 0.833601 0.551936 0.0218223 95.029 -0.0145472 -0.0175565 0.99974 -0.826381
0.545052 -0.838402 -0.000987425 142.6 0.838179 0.544879 0.0237073 96.4993 -0.0193382 -0.0137493 0.999718 -0.82974
0.535881 -0.844272 0.00602047 143.506 0.844275 0.535903 0.00290788 97.8176 -0.00568143 0.00352466 0.999978 -0.809522
0.523629 -0.851942 -0.00291122 144.384 0.851863 0.523526 0.0158077 99.3268 -0.0119431 -0.0107573 0.999871 -0.81971
0.511614 -0.859126 0.0123806 145.324 0.859049 0.511745 0.0122989 100.802 -0.016902 0.0043432 0.999848 -0.844367
0.501396 -0.864541 0.0342193 146.226 0.865114 0.501556 -0.004356 102.345 -0.0133969 0.0317877 0.999405 -0.826845
0.491234 -0.870301 0.0355774 147.06 0.871022 0.490672 -0.023716 103.792 0.0031832 0.0426388 0.999085 -0.807651
0.479123 -0.877129 0.032954 147.93 0.877641 0.479314 -0.00236288 105.41 -0.0137227 0.0300539 0.999454 -0.826009
0.472006 -0.880744 0.0387239 148.781 0.881342 0.472468 0.00322409 106.99 -0.0211354 0.0326072 0.999245 -0.837467
0.468372 -0.88315 0.0259444 149.528 0.883522 0.468298 -0.00924733 108.534 -0.00398294 0.0272537 0.999621 -0.862655
0.464708 -0.885117 0.024774 150.33 0.885463 0.464478 -0.0146726 110.176 0.00147994 0.0287549 0.999585 -0.754254
0.463137 -0.885797 0.0294505 151.165 0.88619 0.463322 -0.000639785 111.776 -0.0130783 0.0263951 0.999566 -0.798115
0.460117 -0.887474 0.0261297 151.931 0.887824 0.460158 -0.00475515 113.323 -0.00780374 0.0253865 0.999647 -0.851041
0.456604 -0.889032 0.0336776 152.751 0.889611 0.455813 -0.0287493 114.882 0.0102084 0.0430871 0.999019 -0.750375
0.455134 -0.889947 0.0291171 153.546 0.890415 0.455027 -0.0105746 116.471 -0.00383824 0.0307392 0.99952 -0.787213
0.45163 -0.891614 0.0324713 154.359 0.892166 0.451654 -0.00701422 118.078 -0.00841181 0.0321376 0.999448 -0.781225
0.451625 -0.891803 0.026875 155.085 0.892203 0.451516 -0.0103571 119.635 -0.00289799 0.0286554 0.999585 -0.797756
0.450757 -0.892256 0.0264195 155.856 0.892629 0.450735 -0.00713286 121.26 -0.00554385 0.026798 0.999626 -0.763601
0.449392 -0.892983 0.0250651 156.642 0.893283 0.449492 -0.00181913 122.842 -0.00964211 0.0232077 0.999684 -0.760243
0.448029 -0.893781 0.0206242 157.407 0.894018 0.447951 -0.00854113 124.393 -0.00160471 0.022265 0.999751 -0.74863
0.444566 -0.895517 0.0202804 158.146 0.895696 0.444667 0.000512645 125.974 -0.0094771 0.0179372 0.999794 -0.74495
0.442302 -0.895917 0.0412457 158.876 0.896657 0.442724 0.00124656 127.406 -0.0193773 0.0364318 0.999148 -0.718818
0.442261 -0.896376 0.0302426 159.513 0.896837 0.442339 -0.00443814 128.797 -0.00939921 0.0290855 0.999533 -0.725783
0.445864 -0.894493 0.0329653 160.463 0.895094 0.44542 -0.0201723 130.834 0.00336056 0.0385011 0.999253 -0.66318
0.454671 -0.889886 0.0371054 161.091 0.890659 0.454328 -0.0176924 132.161 -0.00111376 0.0410925 0.999155 -0.61772
0.470442 -0.881737 0.0349991 162.025 0.882346 0.470576 -0.00479372 134.053 -0.0122429 0.0331364 0.999376 -0.660769
0.491003 -0.87084 0.0235206 162.93 0.871135 0.490618 -0.0204126 135.849 0.00623651 0.0305123 0.999515 -0.627082
0.506131 -0.86186 0.0320673 163.966 0.862446 0.505961 -0.0138129 137.617 -0.00432004 0.0346474 0.99939 -0.538657
0.514187 -0.856655 0.0418884 164.974 0.857629 0.514069 -0.0143615 139.289 -0.00923068 0.0433092 0.999019 -0.558288
0.51281 -0.857407 0.04334 166.026 0.85839 0.512906 -0.00973254 141.135 -0.0138846 0.0421936 0.999013 -0.552313
0.51011 -0.859663 0.027693 166.993 0.860091 0.509628 -0.02284 142.863 0.00552154 0.0354694 0.999355 -0.561794
0.499786 -0.865524 0.0328839 168.074 0.866118 0.499728 -0.0105592 144.743 -0.00729376 0.0337586 0.999403 -0.518757
0.490687 -0.869967 0.0488141 168.823 0.870976 0.491324 0.00121317 146.015 -0.025039 0.0419206 0.998807 -0.570612
0.487002 -0.87223 0.0452096 169.547 0.873166 0.487419 -0.00202757 147.287 -0.0202675 0.0404629 0.998975 -0.585288
0.482244 -0.874705 0.0482876 170.222 0.876003 0.481975 -0.0178326 148.581 -0.00767517 0.0508998 0.998674 -0.551056
0.480078 -0.874882 0.0640806 171.013 0.877114 0.479902 -0.019119 149.833 -0.0140256 0.0653846 0.997762 -0.579062
0.47798 -0.875563 0.07018 171.755 0.878221 0.477845 -0.01979 151.126 -0.0162078 0.0710928 0.997338 -0.614065
0.474659 -0.876602 0.0791634 172.824 0.880087 0.473927 -0.0289993 153.073 -0.0120968 0.0834354 0.99644 -0.616726
0.473291 -0.876726 0.0857149 173.541 0.880697 0.473052 -0.0243723 154.369 -0.0191798 0.0870241 0.996022 -0.64562
0.473291 -0.876292 0.0900474 174.243 0.880826 0.47215 -0.0349288 155.655 -0.0119081 0.0958475 0.995325 -0.61266
0.473752 -0.877167 0.0783321 175.228 0.880658 0.471794 -0.0430387 157.561 0.000795534 0.0893734 0.995998 -0.618367
0.472392 -0.876988 0.0879613 176.257 0.881233 0.471829 -0.028406 159.415 -0.0165909 0.0909331 0.995719 -0.599665
0.465674 -0.879404 0.0989728 177.145 0.884715 0.465238 -0.0288613 161.11 -0.0206652 0.101003 0.994672 -0.605203
0.43901 -0.892256 0.105593 177.97 0.898412 0.437402 -0.0391861 162.633 -0.0112227 0.112069 0.993637 -0.627785
0.381099 -0.918096 0.108919 178.532 0.924521 0.379077 -0.0395251 164.078 -0.00500105 0.115761 0.993264 -0.605018
0.255992 -0.960653 0.107771 179.08 0.966622 0.253176 -0.0392802 166.036 0.0104496 0.114229 0.9934 -0.592028
0.0093702 -0.998109 0.0607482 179.113 0.999269 0.00709532 -0.0375557 168.233 0.0370536 0.0610557 0.997446 -0.492836
-0.2269 -0.973562 0.0263322 178.723 0.973428 -0.22756 -0.0255684 170.127 0.0308845 0.019831 0.999326 -0.40317
-0.391128 -0.92031 0.00690215 178.061 0.920224 -0.391186 -0.0126702 171.419 0.0143605 0.00139586 0.999896 -0.317294
-0.597304 -0.801665 0.0236796 176.988 0.801606 -0.597682 -0.0142678 172.945 0.0255909 0.0104594 0.999618 -0.25382
-0.723233 -0.690019 0.0284143 175.986 0.689646 -0.723785 -0.0228912 173.944 0.0363612 0.00304021 0.999334 -0.201488
-0.809568 -0.586247 0.0302244 174.663 0.585723 -0.810129 -0.0249063 174.922 0.0390869 -0.00246026 0.999233 -0.140533
-0.860211 -0.508947 0.0317924 173.196 0.508125 -0.860737 -0.0306552 175.748 0.0429668 -0.0102154 0.999024 -0.0894975
-0.889862 -0.454961 0.0339847 171.688 0.453673 -0.890292 -0.0394995 176.513 0.0482271 -0.0197312 0.998642 0.0101631
-0.900241 -0.433953 0.0353663 170.036 0.432308 -0.900562 -0.0458021 177.32 0.0517255 -0.0259438 0.998324 0.112997
-0.902578 -0.429119 0.0347806 168.203 0.42743 -0.902829 -0.04694 178.229 0.0515438 -0.0275007 0.998292 0.238664
-0.901291 -0.431579 0.0375941 166.875 0.429829 -0.901703 -0.0466791 178.889 0.0540444 -0.0259124 0.998202 0.317214
-0.900664 -0.432471 0.0421068 165.493 0.430648 -0.901347 -0.0460019 179.574 0.0578473 -0.0232991 0.998054 0.425114
-0.899613 -0.43463 0.0423341 164.008 0.432781 -0.900305 -0.0463848 180.318 0.0582739 -0.023407 0.998026 0.509278
-0.898796 -0.436266 0.0428642 162.444 0.43449 -0.899554 -0.0449583 181.13 0.0581724 -0.0217843 0.998069 0.612903
-0.89714 -0.439405 0.0454241 160.787 0.437803 -0.898127 -0.041179 182.008 0.0588908 -0.0170565 0.998119 0.741155
-0.896932 -0.440321 0.0403901 159.115 0.438894 -0.897663 -0.0396616 182.844 0.0537205 -0.0178468 0.998397 0.847025
-0.896529 -0.441385 0.0376049 157.356 0.440232 -0.897191 -0.0352614 183.749 0.0493026 -0.015058 0.99867 0.949156
-0.897575 -0.438891 0.0416428 155.683 0.437616 -0.898424 -0.0364224 184.608 0.0533983 -0.0144683 0.998469 1.05539
-0.899568 -0.434626 0.0433339 153.965 0.43356 -0.900555 -0.0320291 185.509 0.0529453 -0.0100245 0.998547 1.18975
-0.903191 -0.427515 0.0384318 152.267 0.426996 -0.904004 -0.0212314 186.353 0.0438192 -0.00276576 0.999036 1.28695
-0.905688 -0.422112 0.0393786 150.542 0.421608 -0.906541 -0.0207382 187.23 0.0444521 -0.00217999 0.999009 1.38761
-0.907915 -0.416919 0.0432285 148.858 0.416412 -0.908943 -0.0205647 188.071 0.0478661 -0.000670143 0.998854 1.49306
-0.909444 -0.413816 0.0408369 147.159 0.412974 -0.910323 -0.0276478 188.85 0.0486159 -0.00827958 0.998783 1.60022
-0.909435 -0.413615 0.0430097 145.449 0.412338 -0.910333 -0.0356509 189.682 0.0538989 -0.0146877 0.998438 1.74861
-0.908795 -0.415036 0.0428674 143.765 0.413608 -0.909642 -0.0384648 190.488 0.0549583 -0.0172263 0.99834 1.86622
-0.907637 -0.417432 0.0440989 142.135 0.416117 -0.908593 -0.0361248 191.28 0.0551477 -0.014438 0.998374 1.99102
-0.905939 -0.421029 0.044821 140.479 0.419998 -0.907001 -0.0308335 192.073 0.0536345 -0.00910859 0.998519 2.15249
-0.904574 -0.423511 0.0488275 138.845 0.422871 -0.905891 -0.023284 192.927 0.0540934 -0.000414345 0.998536 2.24312
-0.903308 -0.425764 0.0525342 137.217 0.425502 -0.904805 -0.016624 193.721 0.0546111 0.00733683 0.998481 2.39629
-0.904244 -0.424463 0.0466333 135.567 0.424276 -0.90542 -0.014318 194.559 0.0483001 0.00683841 0.998809 2.48857
-0.905848 -0.420978 0.047082 134.024 0.421001 -0.907006 -0.00990469 195.364 0.0468733 0.0108494 0.998842 2.59879
-0.908673 -0.4144 0.0508486 132.425 0.414198 -0.910064 -0.0149353 196.124 0.0524647 0.00749008 0.998595 2.71947
-0.912436 -0.406022 0.0510489 130.806 0.405527 -0.913861 -0.0201611 196.864 0.0548374 0.00230603 0.998493 2.84563
-0.916755 -0.396625 0.0474245 129.209 0.395835 -0.91797 -0.0254204 197.592 0.0536167 -0.004532 0.998551 2.96819
-0.920601 -0.388247 0.0419201 127.587 0.387293 -0.921494 -0.0292168 198.301 0.0499724 -0.0106617 0.998694 3.0655
-0.922794 -0.38332 0.0389511 126.009 0.382152 -0.923464 -0.0342564 198.966 0.0491011 -0.0167263 0.998654 3.19405
-0.923905 -0.38092 0.0360388 124.476 0.37943 -0.924266 -0.0420177 199.589 0.0493148 -0.0251461 0.998467 3.279
-0.924165 -0.380406 0.0347712 122.967 0.378788 -0.924374 -0.0453033 200.242 0.0493753 -0.0286968 0.998368 3.38154
-0.924244 -0.380476 0.0318014 121.539 0.378729 -0.924165 -0.0498462 200.859 0.048355 -0.0340259 0.99825 3.47261
-0.923296 -0.383023 0.0286175 120.19 0.381193 -0.922918 -0.0539846 201.455 0.047089 -0.0389349 0.998132 3.57528
-0.920699 -0.389122 0.0299545 118.865 0.387307 -0.920451 -0.0525634 202.057 0.0480253 -0.0367935 0.998168 3.67759
-0.917255 -0.396918 0.0331367 117.013 0.395137 -0.917281 -0.0496197 202.871 0.0500906 -0.0324204 0.998218 3.8237
-0.912936 -0.406978 0.0302968 115.31 0.405122 -0.912722 -0.0530571 203.671 0.0492456 -0.0361638 0.998132 3.92145
-0.90755 -0.41879 0.0311138 113.778 0.417079 -0.907521 -0.0495102 204.426 0.0489708 -0.031956 0.998289 4.0469
-0.901885 -0.43095 0.0297652 112.437 0.42948 -0.901939 -0.0453137 205.111 0.0463743 -0.0280842 0.998529 4.14003
-0.892364 -0.450273 0.030667 110.857 0.449107 -0.892658 -0.0382668 205.93 0.0446057 -0.0203752 0.998797 4.26458
-0.881966 -0.470083 0.0340409 109.618 0.469062 -0.882511 -0.0339771 206.628 0.0460135 -0.0139994 0.998843 4.37901
-0.871491 -0.488463 0.0436791 108.449 0.487288 -0.872535 -0.0351224 207.386 0.0552675 -0.00932454 0.998428 4.4866
-0.854785 -0.515156 0.0629037 107.201 0.513311 -0.857081 -0.0438645 208.133 0.0765106 -0.00520557 0.997055 4.58565
-0.792373 -0.607687 0.0534893 106.035 0.606351 -0.794177 -0.0402801 209.18 0.0669577 0.00051643 0.997756 4.68869
-0.67495 -0.735634 0.0573199 104.968 0.73577 -0.676849 -0.022764 210.402 0.0555429 0.0268097 0.998096 4.79621
-0.515336 -0.855793 0.0452374 104.221 0.856217 -0.516394 -0.0151877 211.725 0.0363578 0.0309062 0.998861 4.84011
-0.297439 -0.95304 0.0569626 103.801 0.954273 -0.298631 -0.0134994 213.233 0.0298762 0.0503427 0.998285 4.92182
0.0224719 -0.997751 0.0631556 103.823 0.999665 0.0216116 -0.0142722 215.559 0.0128752 0.0634552 0.997902 4.96134
0.239829 -0.968451 0.0677025 104.249 0.970813 0.239119 -0.0185355 217.614 0.00176178 0.0701719 0.997533 4.94639
0.356463 -0.931786 0.0686142 104.996 0.934264 0.356204 -0.0163989 219.303 -0.00916033 0.0699494 0.997509 4.9426
0.422824 -0.903179 0.0740818 106.056 0.90605 0.422881 -0.0156917 221.08 -0.0171554 0.0737566 0.997129 4.89865
0.445236 -0.892304 0.074559 106.761 0.89521 0.445365 -0.0158089 222.455 -0.0190996 0.0737846 0.997091 4.87646
0.460525 -0.884503 0.0746443 107.504 0.887446 0.46058 -0.0174936 223.869 -0.0189066 0.074299 0.997057 4.83981
0.467801 -0.880538 0.0762551 108.237 0.883605 0.467898 -0.0176979 225.259 -0.0200959 0.0756585 0.996931 4.80592
0.470746 -0.879216 0.0733291 109.061 0.881991 0.471055 -0.014119 226.82 -0.0221284 0.0713221 0.997208 4.79831
0.470862 -0.878683 0.0787708 109.879 0.881856 0.471314 -0.0139232 228.393 -0.0248917 0.0760204 0.996795 4.75499
0.468374 -0.880009 0.0788022 110.706 0.88327 0.468534 -0.017591 229.987 -0.0214413 0.0778428 0.996735 4.73597
0.466933 -0.881103 0.0750444 111.581 0.884209 0.466369 -0.0259527 231.631 -0.0121314 0.0784731 0.996842 4.7107
0.466864 -0.881834 0.0663748 112.506 0.88417 0.466885 -0.01616 233.429 -0.0167389 0.0662311 0.997664 4.7306
0.466338 -0.881582 0.0730881 113.469 0.884119 0.467231 -0.00541911 235.215 -0.0293716 0.0671457 0.997311 4.64452
0.465104 -0.882027 0.0755397 114.453 0.884975 0.465409 -0.0145956 237.069 -0.0222832 0.0736392 0.997036 4.64966
0.463738 -0.882948 0.0731369 115.455 0.88589 0.463238 -0.0246974 238.998 -0.0120732 0.0762444 0.997016 4.61848
0.462103 -0.884042 0.0702171 116.496 0.886739 0.46172 -0.0225762 240.965 -0.0124623 0.0726967 0.997276 4.62153
0.461313 -0.88426 0.0726234 117.528 0.886918 0.461796 -0.0110015 242.998 -0.023809 0.0694861 0.997299 4.57736
0.462013 -0.883663 0.0753838 118.584 0.886452 0.462742 -0.00854496 245.006 -0.0273324 0.070772 0.997118 4.52996
0.46158 -0.884087 0.0730296 119.688 0.88685 0.461833 -0.0144053 247.137 -0.0209919 0.0714155 0.997226 4.48972
0.460602 -0.884652 0.0723617 120.793 0.887397 0.460734 -0.0158545 249.254 -0.0193138 0.0715162 0.997252 4.46499
0.457069 -0.886001 0.0780402 121.92 0.889071 0.457619 -0.0117272 251.457 -0.0253224 0.0747434 0.996881 4.43343
0.454382 -0.887059 0.0816265 123.036 0.890595 0.45436 -0.0199157 253.603 -0.0194214 0.0817456 0.996464 4.40891
0.451834 -0.888523 0.0798307 124.146 0.892011 0.451255 -0.0261922 255.767 -0.0127516 0.0830444 0.996464 4.41719
0.448416 -0.89083 0.0731101 125.234 0.893673 0.448346 -0.0182919 257.937 -0.0164837 0.0735389 0.997156 4.43665
0.444866 -0.892671 0.0723347 126.31 0.895257 0.44547 -0.00844649 260.132 -0.024683 0.0685157 0.997345 4.35621
0.443873 -0.892977 0.0746293 127.403 0.895743 0.444476 -0.00923282 262.291 -0.0249263 0.0709469 0.997169 4.36015
0.443922 -0.891878 0.0865234 128.47 0.895831 0.44394 -0.0200942 264.469 -0.0204897 0.0864306 0.996047 4.33806
0.44426 -0.892045 0.0829967 129.553 0.895762 0.443899 -0.0237716 266.636 -0.0156368 0.084906 0.996266 4.33095
0.444195 -0.892032 0.083481 130.608 0.895711 0.444215 -0.0193633 268.813 -0.0198108 0.0833759 0.996321 4.29376
0.444949 -0.891819 0.08173 131.706 0.895292 0.445178 -0.0164046 270.995 -0.0217545 0.0804714 0.99652 4.27559
0.445222 -0.892311 0.0745494 132.805 0.894964 0.446106 -0.00526494 273.211 -0.028559 0.0690631 0.997203 4.21877
0.445752 -0.891516 0.0806448 133.871 0.894773 0.446385 -0.0110148 275.331 -0.0261787 0.0770687 0.996682 4.20984
0.447128 -0.891251 0.0758221 134.892 0.894216 0.447414 -0.0141271 277.452 -0.021333 0.0741179 0.997021 4.17586
0.447796 -0.891411 0.0697529 135.968 0.893947 0.447939 -0.0144536 279.602 -0.018361 0.0688277 0.99746 4.15139
0.447678 -0.891686 0.0669297 137.042 0.893949 0.448054 -0.0101263 281.795 -0.0209587 0.0643651 0.997706 4.15606
0.447058 -0.891779 0.0697781 138.125 0.894194 0.447598 -0.00857894 283.927 -0.023582 0.0662304 0.997526 4.12847
0.447975 -0.891349 0.0693954 139.198 0.893729 0.448532 -0.00821367 286.09 -0.0238048 0.0657002 0.997555 4.10059
0.449555 -0.890603 0.0687514 140.303 0.892943 0.450092 -0.0083397 288.268 -0.0235171 0.0651403 0.997599 4.06354
0.450899 -0.889856 0.0696191 141.375 0.892234 0.45151 -0.00759601 290.438 -0.0246744 0.0655415 0.997545 4.01297
0.451176 -0.889572 0.0714291 142.49 0.892187 0.451491 -0.0125997 292.655 -0.0210413 0.0694128 0.997366 3.98522
0.451497 -0.889753 0.0670037 143.645 0.892083 0.451673 -0.0133722 294.921 -0.0183658 0.0658104 0.997663 3.99403
0.451474 -0.889436 0.0712378 144.794 0.891933 0.452097 -0.0080447 297.203 -0.0250511 0.0671713 0.997427 3.92837
0.451294 -0.888923 0.0784276 145.938 0.891879 0.452228 -0.00642068 299.465 -0.0297597 0.0728455 0.996899 3.8665
0.45046 -0.889074 0.0814424 147.126 0.892311 0.451346 -0.0082263 301.758 -0.0294449 0.0763775 0.996644 3.86061
0.450254 -0.888956 0.0838386 148.271 0.892536 0.450763 -0.0138318 303.998 -0.0254955 0.0810568 0.996383 3.82465
0.449814 -0.88881 0.0876599 149.408 0.892681 0.450506 -0.0128439 306.232 -0.0280755 0.0840297 0.996068 3.79445
0.448456 -0.888715 0.0952535 150.556 0.893245 0.449395 -0.0125727 308.466 -0.0316328 0.090723 0.995374 3.78384
0.447693 -0.888207 0.103243 151.67 0.893806 0.44788 -0.022668 310.701 -0.0261067 0.102428 0.994398 3.77321
0.447008 -0.888573 0.103063 152.769 0.894166 0.447138 -0.023133 312.834 -0.0255281 0.102496 0.994406 3.73383
0.444357 -0.889733 0.104505 153.878 0.895374 0.444891 -0.0194386 315.02 -0.0291981 0.102209 0.994334 3.6889
0.442196 -0.890421 0.107766 154.978 0.896318 0.443095 -0.016762 317.192 -0.0328253 0.104005 0.994035 3.68103
0.439818 -0.890302 0.117993 155.984 0.897572 0.440204 -0.0241838 319.265 -0.0304102 0.116544 0.99272 3.63638
0.438117 -0.891111 0.118218 157.005 0.898467 0.438258 -0.0262026 321.317 -0.0284605 0.117695 0.992642 3.61043
0.437071 -0.891671 0.11786 157.972 0.898962 0.437292 -0.0253618 323.335 -0.0289247 0.117036 0.992706 3.57883
0.436366 -0.89226 0.116002 158.97 0.899287 0.436711 -0.0237809 325.332 -0.0294404 0.114696 0.992964 3.55131
0.436708 -0.892239 0.114876 159.902 0.899209 0.436724 -0.026371 327.227 -0.02664 0.114814 0.99303 3.53663
0.439384 -0.891042 0.113952 160.835 0.897878 0.439514 -0.0253425 329.105 -0.0275025 0.11345 0.993163 3.50982
0.441716 -0.88921 0.119129 161.706 0.896693 0.441841 -0.0268127 330.872 -0.028794 0.118666 0.992517 3.49349
0.444597 -0.887247 0.122987 162.562 0.895163 0.444995 -0.0257375 332.565 -0.0318932 0.121536 0.992074 3.46801
0.447291 -0.885524 0.125608 163.389 0.893665 0.448146 -0.0229639 334.123 -0.0359557 0.122523 0.991814 3.44153
0.449939 -0.883917 0.127463 164.127 0.892452 0.450294 -0.0276614 335.612 -0.0329456 0.126201 0.991457 3.41117
0.452802 -0.882538 0.126874 164.832 0.891175 0.452427 -0.0334355 337.035 -0.027893 0.128206 0.991355 3.41372
0.453261 -0.882224 0.127414 165.803 0.890783 0.453527 -0.0286065 338.896 -0.0325482 0.126464 0.991437 3.36601
0.443486 -0.887158 0.127558 166.663 0.895834 0.443247 -0.0318337 340.638 -0.0282984 0.128389 0.99132 3.36002
0.411656 -0.902892 0.123791 167.341 0.911122 0.410712 -0.0342513 342.09 -0.0199173 0.126889 0.991717 3.34379
0.322255 -0.939259 0.118086 167.998 0.946582 0.321236 -0.0280946 344.087 -0.0115454 0.120832 0.992606 3.35615
0.161546 -0.980146 0.114967 168.398 0.986859 0.160045 -0.0222324 346.205 0.0033912 0.117047 0.993121 3.37617
-0.0500247 -0.993062 0.10642 168.266 0.998652 -0.0512105 -0.00843746 348.286 0.0138287 0.105855 0.994285 3.43672
-0.23259 -0.96751 0.0991319 167.906 0.972302 -0.233728 0.000130799 349.993 0.0230434 0.0964165 0.995074 3.49228
-0.421139 -0.900573 0.107756 167.249 0.906293 -0.422511 0.0108902 351.691 0.0357207 0.102245 0.994118 3.60204
-0.605081 -0.786919 0.120977 166.169 0.793505 -0.608465 0.0109334 353.202 0.0650069 0.102612 0.992595 3.73765
-0.764344 -0.631043 0.132521 164.846 0.637823 -0.770094 0.0117253 354.553 0.0946542 0.0934868 0.991111 3.86646
-0.877004 -0.468902 0.104855 163.214 0.47213 -0.881502 0.00688956 355.629 0.0891997 0.0555476 0.994464 4.09027
-0.932939 -0.349661 0.0858086 161.273 0.350187 -0.936633 -0.00933103 356.54 0.0836339 0.0213438 0.996268 4.24213
-0.948138 -0.308107 0.07813 159.883 0.308236 -0.95125 -0.0107131 357.089 0.0776219 0.013925 0.996886 4.41942
-0.953132 -0.290472 0.0846458 158.476 0.289665 -0.956877 -0.0219354 357.65 0.0873672 0.00361154 0.99617 4.52167
-0.952416 -0.286634 0.103661 156.993 0.285238 -0.958037 -0.0283728 358.223 0.107444 0.00254541 0.994208 4.68238
-0.95263 -0.287673 0.0986951 155.461 0.286874 -0.957704 -0.0225075 358.868 0.100995 0.00687173 0.994863 4.86949
-0.952676 -0.289023 0.0942065 153.922 0.28829 -0.9573 -0.0215961 359.486 0.0964256 0.00658467 0.995318 5.04118
-0.951113 -0.294538 0.0929059 152.25 0.293028 -0.955639 -0.0298027 360.156 0.0975625 -0.00112168 0.995229 5.21271
-0.948227 -0.304089 0.091625 150.549 0.302051 -0.952624 -0.0356827 360.878 0.0981349 -0.00615986 0.995154 5.39365
-0.946253 -0.312193 0.0845001 148.712 0.30994 -0.949959 -0.0389157 361.647 0.0924209 -0.0106342 0.995663 5.58388
-0.944077 -0.318793 0.0842041 146.867 0.316709 -0.947785 -0.0374095 362.511 0.0917333 -0.00864919 0.995746 5.79102
-0.941743 -0.325261 0.0855869 144.969 0.322828 -0.945558 -0.0412593 363.375 0.0943474 -0.0112258 0.995476 5.99606
-0.94064 -0.330545 0.077042 142.978 0.328582 -0.94374 -0.0372643 364.297 0.0850252 -0.00973772 0.996331 6.21135
-0.93908 -0.335643 0.0739827 141 0.334363 -0.941985 -0.0294308 365.225 0.0795688 -0.00290081 0.996825 6.42511
-0.937542 -0.339317 0.0766774 139.034 0.338056 -0.940671 -0.029264 366.217 0.082058 -0.00151489 0.996626 6.57524
-0.93696 -0.340456 0.0787153 136.968 0.338786 -0.940246 -0.0340907 367.246 0.0856181 -0.00527404 0.996314 6.80409
-0.937746 -0.33858 0.0774306 134.883 0.336954 -0.940922 -0.0335735 368.24 0.0842234 -0.00539291 0.996432 7.03077
-0.939049 -0.335381 0.0755364 132.77 0.333783 -0.942063 -0.0332455 369.24 0.08231 -0.00600642 0.996589 7.2435
-0.940157 -0.332677 0.0736888 130.714 0.330881 -0.942996 -0.0357333 370.198 0.0813759 -0.00921272 0.996641 7.44409
-0.941231 -0.32915 0.0757942 128.683 0.327634 -0.944263 -0.031996 371.161 0.0821011 -0.00528284 0.99661 7.66663
-0.942862 -0.324184 0.0769106 126.582 0.322325 -0.945951 -0.0358146 372.124 0.0843642 -0.00897808 0.996395 7.9061
-0.946427 -0.315039 0.0709022 124.549 0.313034 -0.948978 -0.0380945 373.06 0.0792859 -0.0138589 0.996756 8.11025
-0.949166 -0.307465 0.0674442 122.456 0.305549 -0.951443 -0.0373529 373.999 0.0756541 -0.0148466 0.997024 8.29862
-0.950947 -0.30038 0.0739658 120.42 0.298304 -0.953717 -0.0379304 374.886 0.0819359 -0.0140055 0.996539 8.52388
-0.951848 -0.297462 0.074175 118.274 0.295152 -0.954586 -0.0406159 375.809 0.0828881 -0.0167672 0.996418 8.74193
-0.952579 -0.295546 0.072424 116.295 0.293464 -0.95521 -0.038119 376.687 0.080446 -0.0150576 0.996645 8.94719
-0.951224 -0.299106 0.0755558 114.161 0.296845 -0.954095 -0.0398265 377.612 0.0839997 -0.0154556 0.996346 9.15775
-0.94885 -0.307217 0.0728169 112.097 0.304782 -0.951462 -0.0427476 378.539 0.0824153 -0.0183678 0.996429 9.39169
-0.946065 -0.316444 0.0694565 110.113 0.314208 -0.948454 -0.0413339 379.455 0.0789561 -0.0172808 0.996728 9.58321
-0.943007 -0.325648 0.0684866 108.108 0.323535 -0.945359 -0.0402778 380.419 0.0778608 -0.0158245 0.996839 9.76618
-0.939094 -0.33632 0.0706485 106.134 0.33426 -0.941651 -0.0395481 381.368 0.0798271 -0.0135244 0.996717 9.96916
-0.935492 -0.34585 0.0724044 104.22 0.343593 -0.938179 -0.0420004 382.315 0.0824542 -0.0144134 0.996491 10.1723
-0.931962 -0.355431 0.0715273 102.254 0.353378 -0.934626 -0.0399876 383.304 0.0810641 -0.0119907 0.996637 10.3899
-0.92899 -0.363709 0.0685085 100.311 0.361773 -0.931439 -0.0392545 384.305 0.0780887 -0.0116825 0.996878 10.592
-0.926765 -0.369444 0.0679507 98.4354 0.367857 -0.929223 -0.0350031 385.344 0.0760731 -0.00744353 0.997074 10.7974
-0.925179 -0.372349 0.0734783 96.6082 0.371122 -0.928093 -0.0302068 386.325 0.0794421 -0.000677331 0.996839 10.9905
-0.924908 -0.3727 0.0751002 94.8661 0.371681 -0.927949 -0.027633 387.289 0.079988 0.00235534 0.996793 11.1568
-0.925529 -0.370272 0.0793376 93.1989 0.36949 -0.928902 -0.0248597 388.153 0.0829017 0.00630613 0.996538 11.3496
-0.928325 -0.363251 0.0791274 91.6677 0.362648 -0.931658 -0.0223709 388.999 0.0818459 0.00792789 0.996614 11.508
-0.932455 -0.352849 0.0776162 90.2298 0.352478 -0.935629 -0.0188975 389.725 0.079288 0.0097369 0.996804 11.6596
-0.937203 -0.338943 0.0822689 88.8724 0.339003 -0.940686 -0.0136689 390.423 0.0820222 0.0150788 0.996516 11.8222
-0.942876 -0.322744 0.0825866 87.4589 0.322623 -0.946406 -0.015179 391.123 0.0830594 0.0123324 0.996468 11.9588
-0.948429 -0.306122 0.0822957 86.0993 0.305962 -0.951928 -0.0148704 391.718 0.0828917 0.0110758 0.996497 12.1011
-0.953012 -0.290476 0.0859777 84.7425 0.289905 -0.95686 -0.0193256 392.303 0.0878823 0.00650783 0.99611 12.2533
-0.956799 -0.275879 0.0918011 83.4053 0.275135 -0.961178 -0.0209204 392.875 0.0940087 0.00524108 0.995558 12.4143
-0.961623 -0.257707 0.0941648 81.3713 0.256513 -0.966223 -0.0247861 393.699 0.0973718 0.000319565 0.995248 12.639
-0.964371 -0.246424 0.0962464 79.9966 0.245172 -0.969162 -0.0248148 394.285 0.0993933 -0.000333802 0.995048 12.8071
-0.966615 -0.237651 0.0958037 78.5188 0.235844 -0.97133 -0.0299332 394.808 0.100171 -0.00633918 0.99495 12.9597
-0.967722 -0.232832 0.0964518 77.0175 0.230608 -0.972461 -0.0337554 395.405 0.101655 -0.0104233 0.994765 13.1285
-0.968124 -0.231023 0.096766 75.4973 0.228831 -0.972896 -0.0333177 396.022 0.10184 -0.0101126 0.994749 13.3032
-0.96906 -0.231013 0.0869227 73.9139 0.228859 -0.972862 -0.034116 396.633 0.092445 -0.0131674 0.995631 13.4869
-0.970268 -0.233069 0.065257 72.2271 0.231386 -0.972324 -0.0323575 397.288 0.0709925 -0.0162959 0.997344 13.6412
-0.968758 -0.239104 0.0658567 70.5061 0.237178 -0.970807 -0.0357768 397.958 0.0724886 -0.0190393 0.997187 13.7872
-0.965243 -0.248144 0.0820366 68.7197 0.244996 -0.968403 -0.0466005 398.659 0.0910082 -0.0248822 0.995539 13.9488
-0.964776 -0.256071 0.0602892 66.7835 0.254177 -0.966436 -0.0373627 399.435 0.0678332 -0.0207225 0.997481 14.1454
-0.962808 -0.262958 0.0620838 64.8786 0.261269 -0.964665 -0.0340594 400.261 0.0688462 -0.0165721 0.99749 14.2769
-0.958887 -0.271325 0.0831809 62.9389 0.268196 -0.96222 -0.0469336 401.101 0.0927726 -0.0226952 0.995429 14.4936
-0.95686 -0.28221 0.0691148 60.7917 0.278999 -0.958851 -0.052576 401.959 0.0811082 -0.0310249 0.996222 14.7172
-0.952312 -0.296645 0.0714396 58.6498 0.29315 -0.954455 -0.0554861 402.919 0.0846455 -0.0318976 0.9959 14.8887
-0.945291 -0.312065 0.0950838 56.4962 0.307882 -0.94976 -0.056255 403.967 0.107862 -0.0239027 0.993878 15.1508
-0.941832 -0.325971 0.0818262 54.2567 0.322942 -0.945189 -0.0482324 405.081 0.0930635 -0.0190016 0.995479 15.4561
-0.938589 -0.33666 0.0755714 51.9629 0.334859 -0.94159 -0.0357409 406.271 0.0831898 -0.00824026 0.9965 15.6395
