0.478682 -0.87775 0.0204598 0.683951 0.877971 0.478687 -0.00496789 0.553054 -0.0054333 0.0203412 0.999778 0.788652
0.475569 -0.879562 0.0143053 1.48324 0.879678 0.47552 -0.0068145 2.11078 -0.000808696 0.0158249 0.999874 0.796149
0.472888 -0.881008 0.0142354 2.30137 0.881119 0.472871 -0.00474069 3.70439 -0.00255493 0.0147849 0.999887 0.805759
0.470459 -0.882287 0.0154489 3.13423 0.882411 0.47047 -0.00315605 5.32068 -0.00448371 0.0151171 0.999876 0.812075
0.468012 -0.88358 0.0158237 3.97454 0.883718 0.467988 -0.00541075 6.95033 -0.00262447 0.016516 0.99986 0.816718
0.467129 -0.884019 0.0173616 4.82612 0.884154 0.467196 -0.000274736 8.60639 -0.00786838 0.0154786 0.999849 0.823597
0.468863 -0.88303 0.0206372 5.6898 0.883155 0.469052 0.00525927 10.278 -0.014324 0.01576 0.999773 0.829533
0.47122 -0.881788 0.02003 6.56327 0.881917 0.471386 0.00429228 11.9594 -0.0132268 0.0156422 0.99979 0.821161
0.473348 -0.880743 0.0152862 7.44755 0.880864 0.47336 -0.00306271 13.6554 -0.00453841 0.0149148 0.999878 0.815796
0.47371 -0.880411 0.0217918 8.354 0.880621 0.473821 -0.000107113 15.3771 -0.0102311 0.0192411 0.999763 0.816707
0.471952 -0.880993 0.0333507 9.27409 0.881509 0.472164 -0.00172676 17.1075 -0.0142257 0.0302139 0.999442 0.810811
0.469498 -0.882378 0.0313101 10.185 0.882914 0.469427 -0.0100568 18.8489 -0.0058239 0.0323657 0.999459 0.800177
0.466834 -0.883798 0.0311064 11.1308 0.884322 0.466785 -0.0092602 20.6884 -0.00633585 0.0318311 0.999473 0.843097
0.464629 -0.884993 0.030127 12.079 0.885444 0.464729 -0.00401181 22.5526 -0.0104505 0.0285398 0.999538 0.892499
0.463423 -0.885526 0.0329029 13.0211 0.885985 0.463712 0.00131853 24.4002 -0.0164251 0.0285404 0.999458 0.921416
0.462953 -0.885937 0.0281228 13.9363 0.886189 0.463282 0.00620278 26.2338 -0.0185241 0.0220505 0.999585 0.929085
0.463145 -0.885952 0.0242028 14.8437 0.88617 0.463349 0.00327668 28.0392 -0.0141173 0.0199302 0.999702 0.929952
0.461154 -0.886922 0.0265771 15.7529 0.887189 0.461394 0.00338187 29.826 -0.0152619 0.0220193 0.999641 0.941092
0.460141 -0.887535 0.0235066 16.6408 0.887731 0.460346 0.00388124 31.6023 -0.0142659 0.0190816 0.999716 0.952789
0.459248 -0.888094 0.019517 17.5186 0.888273 0.459314 -0.00121411 33.3592 -0.0078862 0.017894 0.999809 0.957339
0.458531 -0.888321 0.0252141 18.4042 0.888568 0.458737 0.00272737 35.1105 -0.0139894 0.0211538 0.999678 0.970582
0.458141 -0.888401 0.0291571 19.2789 0.888766 0.45836 0.000960606 36.8395 -0.0142179 0.0254737 0.999574 0.972533
0.456668 -0.889023 0.0330363 20.1539 0.88954 0.456852 -0.00220577 38.5554 -0.0131317 0.0303944 0.999452 0.970143
0.454854 -0.889582 0.0418448 21.0219 0.890276 0.455403 0.0041447 40.2773 -0.0227433 0.0353682 0.999116 0.958884
0.453043 -0.890625 0.0392323 21.8631 0.891203 0.453573 0.00535718 41.9784 -0.022566 0.0325369 0.999216 0.944102
0.451231 -0.891887 0.0304644 22.6919 0.892368 0.45127 -0.00598573 43.6266 -0.00840908 0.0298864 0.999518 0.935801
0.449159 -0.893112 0.0246607 23.4911 0.893373 0.449315 0.000907577 45.2566 -0.011891 0.0216235 0.999695 0.946208
0.446794 -0.894354 0.0225002 24.2671 0.894545 0.446968 0.00311506 46.8343 -0.0128428 0.0187356 0.999742 0.956777
0.443951 -0.895809 0.020807 25.0142 0.895938 0.444144 0.00553715 48.366 -0.0142016 0.0161836 0.999768 0.964186
0.441153 -0.897158 0.0221658 25.7403 0.897293 0.441385 0.00668022 49.8513 -0.0157769 0.0169423 0.999732 0.969019
0.438647 -0.898394 0.0218323 26.4353 0.898378 0.438988 0.0143436 51.2978 -0.0224703 0.0133219 0.999659 0.970618
0.435588 -0.899999 0.0162684 27.0996 0.899898 0.435821 0.015592 52.6828 -0.0211229 0.00784821 0.999746 0.97805
0.432949 -0.901381 0.00827237 28.0208 0.901401 0.43298 0.00234436 54.6247 -0.00569493 0.00644173 0.999963 0.989011
0.429868 -0.902841 0.00952913 28.8648 0.902843 0.42993 0.00580332 56.4102 -0.00933633 0.00610865 0.999938 1.03016
0.433308 -0.901141 0.0137773 29.6485 0.901244 0.433224 -0.00870676 58.0262 0.00187737 0.0161894 0.999867 1.06405
0.445267 -0.895205 0.0185749 30.39 0.895356 0.44535 0.00034028 59.5282 -0.00857697 0.0164797 0.999827 1.10089
0.474135 -0.880286 0.0170924 31.1025 0.880356 0.474281 0.0055673 60.902 -0.0130074 0.0124077 0.999838 1.12803
0.529879 -0.847886 0.0178119 31.8338 0.847909 0.530073 0.00855287 62.1255 -0.0166935 0.0105709 0.999805 1.13984
0.641585 -0.766729 0.0222424 32.9287 0.766673 0.64191 0.0128038 63.528 -0.0240947 0.00883793 0.999671 1.14274
0.784168 -0.620273 0.0185068 34.1902 0.620148 0.784384 0.012545 64.6045 -0.0222978 0.00163962 0.99975 1.13996
0.91411 -0.40509 0.0174733 35.5938 0.405008 0.914277 0.00817745 65.2579 -0.019288 -0.000398271 0.999814 1.11839
0.993769 -0.108801 0.0241835 37.4654 0.108776 0.994063 0.00235731 65.5105 -0.0242964 0.000287964 0.999705 1.08513
0.989938 0.139744 0.0222328 39.3354 -0.139551 0.990164 -0.0100372 65.2509 -0.0234167 0.00683357 0.999702 1.04766
0.955514 0.294455 0.0169702 41.2158 -0.294583 0.95561 0.00549768 64.7098 -0.0145981 -0.0102522 0.999841 1.03358
0.928186 0.372088 -0.00458592 42.7918 -0.372094 0.928195 -0.000557146 64.0387 0.00404932 0.00222353 0.999989 0.986136
0.90594 0.423367 0.00577645 44.5291 -0.423326 0.905949 -0.00711226 63.1947 -0.00824427 0.00399795 0.999958 0.99735
0.894941 0.446182 0.00121058 45.9311 -0.446134 0.894878 -0.0125573 62.4417 -0.00668617 0.010698 0.99992 0.990524
0.887265 0.461253 -0.00249977 47.4674 -0.461235 0.88715 -0.0150448 61.6015 -0.00472177 0.0145017 0.999884 0.972453
0.882472 0.470351 -0.0035266 49.1302 -0.470327 0.882283 -0.0192181 60.6523 -0.00592781 0.0186181 0.999809 0.955332
0.882598 0.470059 -0.00803764 50.9175 -0.470084 0.882156 -0.0286666 59.6133 -0.00638456 0.0290795 0.999557 0.933604
0.88752 0.460681 -0.00907652 52.8574 -0.46071 0.886911 -0.0336883 58.5293 -0.00746949 0.0340807 0.999391 0.918233
0.891152 0.45368 -0.00465068 54.2367 -0.453572 0.8906 -0.0332324 57.7963 -0.010935 0.0317246 0.999437 0.911943
0.894754 0.446551 -0.0026992 55.6576 -0.44642 0.894306 -0.0304281 57.0613 -0.0111738 0.0284306 0.999533 0.902855
0.896887 0.4422 -0.0073302 57.1029 -0.442255 0.896671 -0.0197674 56.3342 -0.00216837 0.020971 0.999778 0.900956
0.896771 0.442427 -0.0077292 58.5633 -0.442494 0.896664 -0.0138651 55.5949 0.000796215 0.0158539 0.999874 0.907709
0.896665 0.442693 -0.00372975 60.0266 -0.442701 0.896569 -0.013429 54.8501 -0.00260096 0.0136925 0.999903 0.927672
0.8966 0.442841 -0.000802179 61.4845 -0.442823 0.896545 -0.0106759 54.1015 -0.00400853 0.00992723 0.999943 0.94977
0.896104 0.443845 0.000117462 62.9366 -0.443839 0.896093 -0.00494368 53.3623 -0.00229949 0.00437792 0.999988 0.966926
0.893168 0.449705 0.00407367 64.385 -0.449707 0.893176 -0.000547683 52.6197 -0.0038848 -0.00134278 0.999992 0.985075
0.888063 0.459598 0.0106591 65.826 -0.459634 0.888108 0.00111529 51.861 -0.00895388 -0.00588975 0.999943 1.00458
0.880521 0.473882 0.0108824 67.2388 -0.473936 0.880555 0.0028671 51.0817 -0.00822384 -0.00768208 0.999937 1.0171
0.87068 0.491739 0.010435 68.623 -0.491781 0.870717 0.00175286 50.2745 -0.00822397 -0.00665791 0.999944 1.0278
0.859634 0.510755 0.0125957 69.9785 -0.510804 0.859697 0.000765655 49.4481 -0.0104374 -0.00709211 0.99992 1.03683
0.84805 0.529776 0.0121735 71.2992 -0.529824 0.848107 0.000893767 48.5997 -0.00985092 -0.00720776 0.999925 1.04282
0.836642 0.547649 0.0105071 72.5843 -0.547695 0.836676 0.00194065 47.7363 -0.00772822 -0.00737831 0.999943 1.04819
0.825912 0.563726 0.0090735 73.8254 -0.563761 0.825937 0.0015821 46.8607 -0.00660227 -0.00642196 0.999958 1.05693
0.81544 0.578779 0.00848566 75.0267 -0.578801 0.815469 8.59599e-05 45.9793 -0.00687004 -0.0049816 0.999964 1.06621
0.807808 0.589382 0.00867291 76.1868 -0.58936 0.807854 -0.00509857 45.095 -0.0100114 -0.000992801 0.999949 1.07884
0.802451 0.596649 0.00906671 77.8621 -0.596545 0.802492 -0.0118776 43.7974 -0.0143627 0.00412247 0.999888 1.08575
0.803792 0.594883 0.00574245 79.4305 -0.594787 0.803784 -0.0126595 42.5819 -0.0121466 0.0067601 0.999903 1.08871
0.817271 0.576232 0.00489457 80.8935 -0.576163 0.817265 -0.0106769 41.5019 -0.0101526 0.00590589 0.999931 1.09707
0.845233 0.534392 0.00236268 82.2676 -0.534368 0.845225 -0.00666431 40.5955 -0.00555835 0.00437036 0.999975 1.11415
0.887029 0.461714 -0.000495812 83.6503 -0.461715 0.887028 -0.00108784 39.8375 -6.24729e-05 0.00119387 0.999999 1.13631
0.952783 0.303323 0.0141407 85.5766 -0.303339 0.952882 -0.00104164 39.1068 -0.0137904 -0.00329696 0.999899 1.16915
0.997147 0.0748363 0.00990862 87.5128 -0.0748113 0.997194 -0.00287524 38.8276 -0.010096 0.00212576 0.999947 1.18883
0.980803 -0.194918 -0.00579607 89.3615 0.194896 0.980815 -0.00410918 39.0793 0.00648582 0.00290067 0.999975 1.20395
0.894489 -0.446978 0.0100199 91.0648 0.447017 0.894523 -0.00197804 39.8274 -0.00807887 0.00624839 0.999948 1.24273
0.806082 -0.591504 0.0188457 92.208 0.591439 0.806295 0.00942448 40.6733 -0.0207698 0.0035492 0.999778 1.25889
0.717347 -0.696588 0.0133609 93.6066 0.696453 0.717471 0.0136905 42.0285 -0.0191227 -0.000515616 0.999817 1.22984
0.689197 -0.724519 0.00892816 94.6501 0.724325 0.689231 0.0177148 43.1347 -0.0189883 -0.00574207 0.999803 1.20772
0.681774 -0.731536 -0.00625766 95.7327 0.731467 0.681522 0.0219774 44.3216 -0.0118125 -0.0195609 0.999739 1.19946
0.689542 -0.724148 -0.0119116 96.9095 0.724239 0.689512 0.00712988 45.5431 0.00305009 -0.0135432 0.999904 1.19054
0.700382 -0.71368 -0.0112102 98.1772 0.713744 0.700141 0.0192934 46.8621 -0.0059206 -0.021514 0.999751 1.20276
0.70786 -0.706343 0.00373056 99.5552 0.706123 0.707754 0.0217751 48.2193 -0.018021 -0.0127795 0.999756 1.20295
0.707778 -0.70643 -0.00272881 100.985 0.706434 0.707762 0.00486143 49.6249 -0.00150291 -0.00536854 0.999984 1.19105
0.703044 -0.711144 0.00189985 102.493 0.711102 0.703028 0.00924437 51.1383 -0.00790972 -0.00514821 0.999955 1.19371
0.699795 -0.714337 0.003183 103.529 0.714196 0.699733 0.0172501 52.199 -0.0145496 -0.00979824 0.999846 1.19939
0.69584 -0.718159 -0.00742252 104.576 0.718183 0.695724 0.0134722 53.2877 -0.00451117 -0.0147052 0.999882 1.19106
0.690097 -0.723688 -0.00650103 105.661 0.723713 0.690033 0.0097239 54.4119 -0.00255114 -0.0114153 0.999932 1.19143
0.68604 -0.727564 5.62407e-05 106.775 0.727532 0.68601 0.00937414 55.5734 -0.00685887 -0.00639012 0.999956 1.20144
0.684369 -0.729088 0.00837699 107.921 0.729055 0.684419 0.00698828 56.7777 -0.0108284 0.00132472 0.999941 1.20029
0.684245 -0.729239 0.00433499 109.066 0.729177 0.684248 0.0102493 58.0062 -0.0104404 -0.00385205 0.999938 1.2014
0.685245 -0.728265 -0.00833413 110.215 0.72829 0.685088 0.0157777 59.2508 -0.00578074 -0.0168812 0.999841 1.19974
0.689482 -0.724164 -0.0141945 111.382 0.724245 0.689047 0.0261361 60.512 -0.00914616 -0.0283006 0.999558 1.20796
0.6928 -0.720943 -0.0164204 112.574 0.72111 0.692431 0.0232377 61.7603 -0.00538311 -0.02794 0.999595 1.20914
0.69384 -0.720106 -0.00582414 113.798 0.720103 0.693723 0.014104 63.0175 -0.00611601 -0.0139799 0.999884 1.19592
0.695651 -0.718355 -0.00595578 115.004 0.718336 0.695494 0.016784 64.2794 -0.00791468 -0.0159541 0.999841 1.19248
0.696999 -0.717063 -0.00367498 116.21 0.716817 0.696605 0.0302499 65.5443 -0.019131 -0.0237184 0.999536 1.19013
0.698273 -0.715745 -0.0111355 117.403 0.715832 0.69819 0.0107618 66.7329 7.19633e-05 -0.0154858 0.99988 1.20448
0.697376 -0.716638 -0.00981773 118.608 0.716685 0.697395 0.00194336 67.9232 0.00545415 -0.00839147 0.99995 1.22635
0.695195 -0.718606 0.0175905 119.827 0.718019 0.695368 0.0302113 69.1545 -0.0339419 -0.00837239 0.999389 1.25378
0.694201 -0.719781 -0.00065872 120.989 0.719654 0.694059 0.0194993 70.3317 -0.013578 -0.0140105 0.99981 1.22739
0.692099 -0.721789 -0.00440367 122.161 0.721798 0.692057 0.00805139 71.4993 -0.00276381 -0.00875092 0.999958 1.21113
0.687583 -0.726101 -0.00281763 123.308 0.726092 0.687539 0.0089511 72.6926 -0.00456217 -0.00820047 0.999956 1.2007
0.681703 -0.731593 -0.00725304 124.43 0.731622 0.681619 0.011148 73.8843 -0.00321196 -0.0129061 0.999912 1.18175
0.67867 -0.734322 -0.013339 125.542 0.734434 0.678455 0.0174679 75.0854 -0.00377715 -0.0216516 0.999758 1.17379
0.676648 -0.736261 -0.00823342 126.661 0.736251 0.676417 0.0198697 76.2766 -0.00906002 -0.0195066 0.999769 1.17196
0.671479 -0.740991 -0.00698662 127.762 0.741019 0.671412 0.00985901 77.4574 -0.00261454 -0.0117973 0.999927 1.16372
0.661583 -0.749868 -0.00250283 128.846 0.749856 0.661544 0.00866516 78.669 -0.00484199 -0.00760949 0.999959 1.1659
0.653505 -0.756834 0.0115769 129.916 0.756588 0.653595 0.0197003 79.9088 -0.0224765 -0.00411524 0.999739 1.16527
0.647029 -0.762458 0.00331521 130.942 0.762155 0.646884 0.0257153 81.1543 -0.0217514 -0.0141118 0.999664 1.14795
0.636788 -0.771031 -0.00365604 131.968 0.771024 0.636737 0.00939882 82.3853 -0.00491884 -0.00880395 0.999949 1.12328
0.625585 -0.780136 -0.0056397 132.989 0.780105 0.625445 0.0159821 83.6658 -0.00894087 -0.0143977 0.999856 1.12384
0.611647 -0.790969 -0.0159761 133.984 0.791127 0.611457 0.0154804 84.9574 -0.00247586 -0.0221077 0.999753 1.11902
0.598301 -0.801115 -0.0158089 134.974 0.801271 0.598161 0.0130043 86.2623 -0.000961744 -0.0204477 0.99979 1.10809
0.585459 -0.810574 -0.0143841 135.933 0.810587 0.584986 0.0271954 87.6164 -0.0136294 -0.0275813 0.999527 1.10295
0.574041 -0.818751 -0.0111549 136.878 0.818603 0.573512 0.0311866 88.969 -0.0191366 -0.0270338 0.999451 1.09372
0.566748 -0.823695 -0.0179687 137.801 0.823805 0.566239 0.0268245 90.3272 -0.0119206 -0.0300054 0.999479 1.08504
0.561522 -0.826938 -0.0294335 138.696 0.827457 0.561046 0.0232704 91.6975 -0.0027296 -0.0374218 0.999296 1.0699
0.55712 -0.830057 -0.0249427 139.612 0.830239 0.556092 0.0382733 93.1006 -0.0178986 -0.0420312 0.998956 1.05301
0.550436 -0.834614 -0.0209936 140.518 0.834526 0.549301 0.0428198 94.4923 -0.0242061 -0.0410892 0.998862 1.03204
0.540354 -0.841288 -0.0158664 141.417 0.841394 0.54004 0.020314 95.8555 -0.00852149 -0.0243267 0.999668 0.996133
0.528255 -0.848963 -0.0144644 142.287 0.848954 0.527795 0.0266323 97.2707 -0.0149756 -0.0263483 0.999541 0.971996
0.51696 -0.856009 -0.000296134 143.168 0.855725 0.516779 0.0259549 98.6981 -0.0220646 -0.013671 0.999663 0.94468
0.506534 -0.862209 0.00424136 144.027 0.862041 0.506523 0.0178718 100.141 -0.0175576 -0.00539645 0.999831 0.919904
0.494549 -0.869065 0.0121541 144.874 0.86915 0.494495 -0.00733257 101.569 0.000362338 0.01419 0.999899 0.894205
0.484199 -0.874875 0.0120987 145.691 0.874721 0.484343 0.016573 103.074 -0.0203592 0.00255833 0.999789 0.882731
0.476318 -0.879212 0.0103522 146.487 0.878839 0.47642 0.0258161 104.578 -0.0276298 -0.00319875 0.999613 0.863728
0.472514 -0.881267 -0.00997238 147.256 0.881294 0.472376 0.013436 106.068 -0.00712994 -0.0151373 0.99986 0.834612
0.468357 -0.883526 -0.00480714 148.056 0.883512 0.468292 0.0104458 107.573 -0.00697799 -0.00913952 0.999934 0.824799
0.468145 -0.883651 0.00103067 148.855 0.883369 0.468025 0.0247345 109.104 -0.022339 -0.0106689 0.999694 0.820834
0.464982 -0.885319 -0.00158716 149.647 0.885216 0.464899 0.0161551 110.615 -0.0135645 -0.00891679 0.999868 0.814577
0.461251 -0.887222 0.00919413 150.456 0.887263 0.461183 -0.00858834 112.103 0.00337958 0.012119 0.999921 0.810116
0.45892 -0.88842 0.0100996 151.242 0.888417 0.458992 0.0064946 113.639 -0.0104056 0.00599215 0.999928 0.825193
0.45652 -0.889649 0.0107018 152.013 0.889627 0.45661 0.00839398 115.146 -0.0123542 0.00568855 0.999907 0.829046
0.456337 -0.889807 0.000539306 152.772 0.889797 0.456334 0.00443392 116.641 -0.00419143 -0.00154349 0.99999 0.824889
0.455137 -0.890419 -0.00193889 153.529 0.890348 0.45507 0.013846 118.144 -0.0114464 -0.00802812 0.999902 0.832171
0.454343 -0.890801 -0.00681376 154.275 0.890712 0.454148 0.0195141 119.639 -0.0142887 -0.0149352 0.999786 0.828233
0.452993 -0.891446 -0.0109976 155.008 0.891492 0.45286 0.012609 121.108 -0.00625988 -0.015516 0.99986 0.821872
0.454407 -0.890701 -0.0128984 155.692 0.890783 0.454281 0.0116399 122.473 -0.00450817 -0.0167789 0.999849 0.809143
0.459778 -0.887931 -0.013502 156.337 0.888028 0.459667 0.0106143 123.733 -0.00321832 -0.0168704 0.999852 0.796511
0.467801 -0.883716 -0.0144314 157.302 0.883833 0.467715 0.00909056 125.623 -0.00128368 -0.0170075 0.999855 0.777562
0.475785 -0.879427 -0.0153896 158.269 0.879561 0.475725 0.00758443 127.513 0.000651267 -0.0171446 0.999853 0.758605
0.483728 -0.875065 -0.0163761 159.234 0.875214 0.483697 0.00609663 129.403 0.0025861 -0.0172817 0.999847 0.739646
0.491628 -0.870632 -0.0173904 160.2 0.870794 0.491627 0.0046278 131.293 0.00452048 -0.0174186 0.999838 0.720688
0.505455 -0.862776 -0.011522 161.165 0.862853 0.505396 0.00779032 133.059 -0.000898152 -0.0138794 0.999903 0.717102
0.518523 -0.855051 0.00457474 162.165 0.854998 0.518542 0.00964936 134.699 -0.0106229 -0.00109202 0.999943 0.732071
0.518562 -0.855031 0.0039838 163.16 0.854904 0.518557 0.0154322 136.355 -0.0152609 -0.00459682 0.999873 0.720831
0.518033 -0.85525 -0.0137639 164.135 0.855344 0.517854 0.0146385 138.053 -0.00539191 -0.0193561 0.999798 0.700175
0.50999 -0.860089 -0.0125589 165.146 0.860174 0.50999 0.00343037 139.765 0.0034545 -0.0125523 0.999915 0.685036
0.498949 -0.866598 0.00759263 166.169 0.865979 0.498894 0.0344371 141.567 -0.0336311 -0.0106073 0.999378 0.688815
0.490949 -0.871188 -0.000545357 167.167 0.871014 0.490839 0.0202816 143.309 -0.0174014 -0.0104322 0.999794 0.672673
0.486253 -0.873564 0.0210857 168.233 0.873581 0.486541 0.011568 145.027 -0.0203644 0.0127951 0.999711 0.682416
0.483196 -0.875056 0.0282583 169.275 0.875386 0.483423 0.00139168 146.778 -0.0148785 0.0240645 0.9996 0.716132
0.480512 -0.87597 0.0422386 170.312 0.876742 0.48096 0.000508539 148.561 -0.0207606 0.036788 0.999107 0.728574
0.479536 -0.87643 0.0437582 171.322 0.877387 0.479741 -0.00637946 150.332 -0.0154014 0.041452 0.999022 0.732947
0.480078 -0.876568 0.0339564 172.287 0.877226 0.479722 -0.0184972 152.069 -7.55899e-05 0.0386675 0.999252 0.740145
0.478478 -0.876823 0.0473222 173.233 0.877889 0.478849 -0.00388655 153.752 -0.0192524 0.0434032 0.998872 0.761824
0.471443 -0.880091 0.0564052 174.102 0.881526 0.472135 -0.00119875 155.306 -0.0255758 0.0502877 0.998407 0.753251
0.443445 -0.894325 0.0594947 174.851 0.896186 0.443477 -0.0133971 156.724 -0.0144032 0.0592592 0.998139 0.728122
0.384614 -0.920902 0.0633366 175.476 0.923003 0.38455 -0.0136832 158.126 -0.0117552 0.0637226 0.997898 0.699354
0.255822 -0.964952 0.0585036 176.054 0.966723 0.255434 -0.0141494 160.001 -0.00129034 0.0601765 0.998187 0.688242
0.0130225 -0.999866 0.00989752 176.17 0.999833 0.0128941 -0.0129299 162.281 0.0128006 0.0100642 0.999867 0.703826
-0.214881 -0.976435 -0.0200138 175.814 0.976608 -0.214994 0.00365511 163.976 -0.00787184 -0.0187603 0.999793 0.708264
-0.425109 -0.904081 -0.0438264 175.113 0.904454 -0.426175 0.0183748 165.494 -0.03529 -0.0318277 0.99887 0.681177
-0.6206 -0.783854 -0.0206827 174.157 0.783807 -0.620885 0.0121992 166.815 -0.0224039 -0.00864042 0.999712 0.607098
-0.761901 -0.647359 -0.0207961 172.802 0.647383 -0.762137 0.0064647 168.018 -0.0200345 -0.00853761 0.999763 0.551055
-0.8265 -0.562636 -0.0184011 171.58 0.562727 -0.826643 0.000336379 168.848 -0.0154004 -0.0100768 0.999831 0.510843
-0.862623 -0.505577 -0.0165354 170.217 0.505744 -0.862647 -0.00793505 169.64 -0.0102524 -0.0152076 0.999832 0.475026
-0.878536 -0.47742 -0.0156189 168.718 0.477635 -0.87842 -0.0155917 170.438 -0.00627616 -0.0211579 0.999756 0.445719
-0.88192 -0.471136 -0.0157494 167.086 0.471354 -0.881808 -0.0154906 171.303 -0.00658974 -0.021085 0.999756 0.419606
-0.881565 -0.471863 -0.0137172 165.3 0.47203 -0.881472 -0.0139658 172.237 -0.00550133 -0.0187867 0.999808 0.387918
-0.881921 -0.471334 -0.00769948 163.348 0.471397 -0.881809 -0.014032 173.13 -0.000175719 -0.0160046 0.999872 0.313281
-0.88143 -0.472251 -0.00775246 161.951 0.472314 -0.881334 -0.0130666 173.798 -0.000661786 -0.0151789 0.999885 0.277858
-0.880554 -0.473916 -0.00541918 160.51 0.473946 -0.880515 -0.00825693 174.526 -0.000858583 -0.00983907 0.999951 0.270188
-0.879879 -0.475156 -0.00628484 159.014 0.475188 -0.879867 -0.00540313 175.291 -0.0029625 -0.00774058 0.999966 0.26496
-0.879418 -0.475883 -0.0126229 157.473 0.475904 -0.879496 0.00142786 176.095 -0.0117813 -0.00475162 0.999919 0.258821
-0.879807 -0.475199 -0.0112393 155.934 0.475217 -0.879868 0.00121722 176.895 -0.0104675 -0.00427018 0.999936 0.245561
-0.881609 -0.471959 -0.00454887 154.397 0.471957 -0.88162 0.00146887 177.696 -0.00470362 -0.000851902 0.999989 0.234472
-0.8844 -0.466579 -0.0118786 152.843 0.466483 -0.884473 0.0100006 178.504 -0.0151724 0.00330332 0.999879 0.228779
-0.886882 -0.461791 -0.0137287 151.3 0.46159 -0.886957 0.0155527 179.324 -0.0193588 0.00745642 0.999785 0.196661
-0.888845 -0.458089 -0.010428 149.763 0.457964 -0.888885 0.0123506 180.156 -0.014927 0.00620208 0.999869 0.151332
-0.890377 -0.455143 -0.00858529 148.219 0.455057 -0.890403 0.0102597 180.967 -0.012314 0.00522821 0.999911 0.110331
-0.891163 -0.453589 -0.00930992 146.653 0.453599 -0.891205 0.00113323 181.772 -0.00881107 -0.00321308 0.999956 0.0711012
-0.891058 -0.453832 -0.00723489 145.09 0.453869 -0.891057 -0.00456026 182.575 -0.00437711 -0.00734714 0.999963 0.0562299
-0.889352 -0.457154 -0.00794224 143.55 0.457195 -0.889356 -0.00435937 183.384 -0.00507057 -0.00750816 0.999959 0.0634453
-0.887435 -0.460866 -0.00780755 142.029 0.460884 -0.887461 -0.000495717 184.207 -0.00670043 -0.00403829 0.999969 0.0570536
-0.885859 -0.46393 -0.00471351 140.532 0.46387 -0.885847 0.00998168 185.024 -0.00880625 0.0066559 0.999939 0.0481466
-0.884114 -0.467259 -0.00340302 139.042 0.467223 -0.884103 0.0080394 185.815 -0.00676511 0.00551778 0.999962 0.0493916
-0.883845 -0.467768 -0.00325776 137.573 0.467671 -0.883769 0.0153945 186.619 -0.0100801 0.0120828 0.999876 0.0595772
-0.884706 -0.466025 -0.0108126 136.105 0.465845 -0.884728 0.0156759 187.395 -0.0168716 0.00883159 0.999819 0.0767051
-0.887159 -0.461389 -0.00830252 134.658 0.461287 -0.887173 0.0117632 188.155 -0.0127932 0.00660594 0.999896 0.0930408
-0.890862 -0.454252 -0.00450388 133.219 0.454212 -0.89086 0.00774768 188.897 -0.00753172 0.0048564 0.99996 0.110611
-0.8953 -0.445423 -0.00611132 131.774 0.445403 -0.89532 0.00433196 189.621 -0.00740114 0.0011564 0.999972 0.11787
-0.899202 -0.437363 -0.0122059 130.332 0.437371 -0.899278 0.00215366 190.318 -0.0119185 -0.00340195 0.999923 0.129491
-0.902243 -0.430876 -0.0174174 128.899 0.431013 -0.902333 -0.00490985 190.978 -0.0136007 -0.011937 0.999836 0.143883
-0.903719 -0.427651 -0.0201494 127.494 0.427955 -0.903688 -0.014265 191.617 -0.0121083 -0.0215146 0.999695 0.157084
-0.90434 -0.426128 -0.0241558 126.124 0.426598 -0.904229 -0.0195833 192.241 -0.0134974 -0.0280147 0.999516 0.176686
-0.904075 -0.426453 -0.0280333 124.171 0.427146 -0.903787 -0.0267543 193.137 -0.0139266 -0.0361622 0.999249 0.207954
-0.901221 -0.432174 -0.0320481 122.343 0.433043 -0.900925 -0.0284283 193.995 -0.016587 -0.0394984 0.999082 0.234991
-0.897576 -0.439881 -0.0293785 120.65 0.440658 -0.897189 -0.029528 194.818 -0.0133693 -0.0394495 0.999132 0.247203
-0.893024 -0.449022 -0.0297765 119.076 0.449782 -0.892718 -0.0274071 195.595 -0.0142756 -0.0378682 0.999181 0.254557
-0.887159 -0.460515 -0.0295847 117.655 0.46125 -0.886877 -0.0264205 196.324 -0.0140709 -0.0370851 0.999213 0.268976
-0.88113 -0.4719 -0.0303275 116.381 0.472601 -0.880988 -0.0225611 197.003 -0.0160715 -0.034212 0.999285 0.277279
-0.871073 -0.490004 -0.0335923 114.901 0.490745 -0.8711 -0.0188349 197.83 -0.0200331 -0.0328919 0.999258 0.289963
-0.857329 -0.514017 -0.0277988 113.439 0.514508 -0.857362 -0.0145359 198.722 -0.016362 -0.0267648 0.999508 0.301115
-0.845574 -0.533569 -0.0175685 112.184 0.533808 -0.84549 -0.0140078 199.542 -0.00737988 -0.0212228 0.999748 0.334119
-0.822457 -0.568819 0.00309001 110.988 0.568553 -0.822217 -0.0266051 200.415 0.0176742 -0.0201247 0.999641 0.36387
-0.747271 -0.6645 -0.00502757 109.886 0.664452 -0.747067 -0.0198758 201.363 0.00945155 -0.0181932 0.99979 0.37503
-0.611254 -0.791422 -0.00445025 108.952 0.791429 -0.611261 0.000423651 202.546 -0.00305556 -0.0032631 0.99999 0.386325
-0.381646 -0.924271 -0.00828062 108.209 0.92422 -0.381719 0.0104376 204.111 -0.012808 -0.00366964 0.999911 0.387994
-0.0729818 -0.99732 -0.00506609 107.938 0.997333 -0.0729861 0.000671735 206.047 -0.00103969 -0.00500355 0.999987 0.356063
0.163567 -0.98648 0.0101652 108.207 0.98652 0.163609 0.00338039 207.877 -0.0049978 0.00947521 0.999943 0.357711
0.302541 -0.953092 0.00923733 108.669 0.953136 0.302536 -0.00195245 209.366 -0.000933756 0.00939513 0.999955 0.352019
0.395411 -0.918399 0.0139098 109.363 0.918486 0.395453 0.000327406 210.965 -0.00580138 0.0126465 0.999903 0.357163
0.44293 -0.896336 0.019862 110.219 0.89652 0.443002 -0.00081984 212.658 -0.00806405 0.0181698 0.999802 0.350733
0.465501 -0.88482 0.0200778 111.185 0.885028 0.465521 -0.00396867 214.461 -0.00583506 0.0196168 0.999791 0.338379
0.473585 -0.880485 0.0215475 112.239 0.880724 0.473613 -0.00411163 216.376 -0.00658494 0.0209246 0.999759 0.330936
0.47506 -0.879625 0.0240515 112.981 0.879879 0.475197 8.22451e-06 217.733 -0.0114365 0.0211585 0.999711 0.319699
0.473371 -0.880507 0.0250465 113.754 0.880793 0.473502 -0.000803936 219.137 -0.0111517 0.0224413 0.999686 0.297025
0.470778 -0.882017 0.0203783 114.549 0.88225 0.470699 -0.00881231 220.585 -0.00181943 0.0221274 0.999753 0.267095
0.470476 -0.882294 0.0144647 115.365 0.882408 0.470358 -0.0109453 222.092 0.00285339 0.0179133 0.999835 0.250752
0.470737 -0.881986 0.0225241 116.215 0.882168 0.470921 0.00342347 223.654 -0.0136265 0.0182585 0.99974 0.241932
0.470317 -0.882005 0.0294822 117.087 0.882316 0.470635 0.00453272 225.248 -0.0178732 0.0238808 0.999555 0.220562
0.468564 -0.883009 0.0272532 117.977 0.883424 0.468446 -0.0109602 226.87 -0.00308865 0.0292117 0.999568 0.187778
0.466989 -0.883926 0.0244012 118.881 0.884259 0.466721 -0.0160718 228.548 0.00281776 0.0290823 0.999573 0.179717
0.46603 -0.884425 0.0246693 119.804 0.884757 0.46599 -0.0077315 230.283 -0.00465771 0.0254294 0.999666 0.182413
0.466729 -0.883908 0.0295195 120.762 0.884247 0.467009 0.00303397 232.05 -0.0164676 0.0246865 0.99956 0.175312
0.46748 -0.883502 0.0297649 121.734 0.883941 0.467583 -0.00382929 233.821 -0.0105344 0.0281005 0.99955 0.15508
0.467016 -0.883766 0.0292284 122.72 0.884236 0.466933 -0.0100367 235.623 -0.00477764 0.0305321 0.999522 0.14494
0.465229 -0.884608 0.0320999 123.717 0.885156 0.465223 -0.00811631 237.456 -0.00775387 0.0321894 0.999452 0.138422
0.46199 -0.886219 0.0343719 124.717 0.886823 0.462071 -0.00602767 239.308 -0.0105404 0.0332665 0.999391 0.130781
0.459306 -0.887728 0.0312637 125.713 0.888278 0.458999 -0.0168059 241.159 0.000569052 0.0354899 0.99937 0.122754
0.456876 -0.889041 0.0295089 126.71 0.88953 0.456614 -0.0154654 243.034 0.00027521 0.0333148 0.999445 0.136701
0.45432 -0.890307 0.0307749 127.709 0.8908 0.454349 -0.00643358 244.919 -0.00825471 0.0303372 0.999506 0.144105
0.452502 -0.891275 0.0295033 128.696 0.891669 0.452687 -0.000455232 246.794 -0.01295 0.0265131 0.999565 0.140712
0.452814 -0.891132 0.0290409 129.675 0.891547 0.452916 -0.00334823 248.647 -0.0101693 0.0274074 0.999573 0.128368
0.452936 -0.891158 0.0262045 130.646 0.891538 0.452836 -0.00994415 250.486 -0.00300455 0.0278664 0.999607 0.124763
0.453283 -0.891011 0.0251858 131.612 0.891363 0.453184 -0.0098017 252.32 -0.00268041 0.0268927 0.999635 0.13288
0.4541 -0.890635 0.023706 132.563 0.890919 0.454149 -0.00361293 254.151 -0.00754824 0.0227607 0.999712 0.147976
0.454823 -0.890288 0.0228726 133.506 0.890505 0.454971 0.00144271 255.976 -0.0116908 0.019712 0.999737 0.148713
0.455852 -0.889799 0.0213942 134.452 0.889881 0.456106 0.00882885 257.807 -0.0176139 0.0150136 0.999732 0.130521
0.456768 -0.889502 0.0122255 135.389 0.889552 0.456827 0.00237716 259.62 -0.0076994 0.00978938 0.999922 0.107409
0.457864 -0.889006 0.00545191 136.329 0.88901 0.457882 0.00251782 261.438 -0.00473469 0.00369398 0.999982 0.100622
0.458256 -0.888817 0.00244461 137.273 0.888811 0.458262 0.00332721 263.254 -0.00407755 0.000648084 0.999991 0.098415
0.457756 -0.889065 0.00470898 138.236 0.88904 0.457779 0.00685082 265.076 -0.0082465 0.00105046 0.999965 0.098967
0.457464 -0.889217 0.00451007 139.211 0.889184 0.457486 0.00762976 266.9 -0.00884781 0.00051994 0.999961 0.0908134
0.458948 -0.888451 0.00473357 140.193 0.888419 0.458972 0.00757537 268.738 -0.00890292 0.000728688 0.99996 0.0816078
0.45998 -0.887917 0.00466696 141.184 0.887891 0.460003 0.006882 270.592 -0.00825746 0.000978165 0.999965 0.0767893
0.461086 -0.887338 0.0055578 142.179 0.88731 0.461116 0.00724132 272.469 -0.0089883 0.00159262 0.999958 0.0746151
0.461521 -0.88713 0.000111039 143.174 0.88713 0.461521 0.000257166 274.358 -0.000279386 -2.01813e-05 1 0.0739611
0.46157 -0.887087 0.00539593 144.18 0.887063 0.461599 0.00678512 276.277 -0.00850975 0.00165472 0.999962 0.0897995
0.462335 -0.886671 0.00781615 145.183 0.886604 0.462397 0.011076 278.2 -0.0134349 0.00180901 0.999908 0.0997268
0.462819 -0.886395 0.0101128 146.183 0.886307 0.46292 0.0128632 280.118 -0.0160833 0.0030097 0.999866 0.1024
0.462553 -0.886517 0.0115301 147.181 0.886519 0.462642 0.00679548 282.016 -0.0113586 0.00707841 0.99991 0.103231
0.462001 -0.886765 0.0142409 148.177 0.886812 0.462105 0.00492688 283.909 -0.0109498 0.0103528 0.999886 0.10765
0.461697 -0.88677 0.0217708 149.166 0.886871 0.461947 0.00804731 285.813 -0.0171931 0.0155924 0.999731 0.110688
0.461235 -0.88689 0.0262334 150.139 0.887124 0.461504 0.0049773 287.705 -0.0165211 0.0209766 0.999643 0.110201
0.460942 -0.886996 0.027769 151.111 0.887371 0.461048 -0.00284303 289.572 -0.0102811 0.0259519 0.99961 0.106782
0.459564 -0.887571 0.0319156 152.065 0.888038 0.459769 -0.00103512 291.409 -0.013755 0.0288179 0.99949 0.11905
0.457608 -0.88835 0.0378115 153.002 0.888947 0.458006 0.00211454 293.213 -0.0191963 0.0326448 0.999283 0.12403
0.455629 -0.889206 0.0414139 153.927 0.889955 0.456048 0.000748647 294.982 -0.0195524 0.0365154 0.999142 0.11998
0.453893 -0.890097 0.04133 154.826 0.890912 0.454166 -0.00307446 296.727 -0.0160341 0.0382169 0.999141 0.112534
0.452389 -0.890949 0.039415 155.695 0.89169 0.452638 -0.00287179 298.436 -0.0152821 0.0364451 0.999219 0.108753
0.45135 -0.891513 0.0385685 156.54 0.892172 0.451695 0.000257589 300.109 -0.0176508 0.0342935 0.999256 0.110639
0.450958 -0.891884 0.0343409 157.357 0.892427 0.451191 -0.00106689 301.733 -0.0145428 0.0311278 0.99941 0.106289
0.452589 -0.891068 0.0340814 158.151 0.891614 0.452793 -0.00189693 303.297 -0.0137415 0.031246 0.999417 0.0998173
0.455495 -0.889523 0.0356871 158.922 0.890097 0.455771 -0.000469163 304.798 -0.0158478 0.0319787 0.999363 0.103171
0.458216 -0.888008 0.0384622 159.669 0.888672 0.458542 -0.000390071 306.219 -0.0172901 0.034359 0.99926 0.114604
0.460892 -0.886375 0.0437877 160.391 0.887206 0.461373 0.00098709 307.559 -0.0210774 0.0383937 0.99904 0.127816
0.464654 -0.884506 0.0417794 161.377 0.885264 0.465089 0.000784075 309.407 -0.0201246 0.0366214 0.999127 0.140743
0.468169 -0.882849 0.0373652 162.263 0.883553 0.468296 -0.00581959 311.067 -0.0123601 0.0357387 0.999285 0.153836
0.4666 -0.8835 0.0413852 163.067 0.884239 0.467035 0.000941278 312.561 -0.0201599 0.0361552 0.999143 0.176295
0.451524 -0.891599 0.0343093 163.741 0.892194 0.451621 -0.00531843 313.876 -0.0107529 0.0330119 0.999397 0.193484
0.391394 -0.919778 0.0286335 164.453 0.920203 0.391402 -0.00555556 315.521 -0.00609735 0.0285231 0.999575 0.229986
0.270197 -0.962309 0.0309222 164.959 0.962748 0.270391 0.00219919 317.191 -0.0104774 0.0291761 0.999519 0.270777
0.0378404 -0.998997 0.0239367 165.143 0.999074 0.038312 0.0195576 319.288 -0.0204551 0.0231745 0.999522 0.31322
-0.189661 -0.981799 0.0100009 164.875 0.981355 -0.189232 0.0336568 321.027 -0.0311517 0.0161978 0.999383 0.312849
-0.429301 -0.902832 0.0243906 164.196 0.902611 -0.427941 0.0464774 322.795 -0.0315236 0.0419681 0.998622 0.28464
-0.603145 -0.79703 0.030969 163.349 0.79752 -0.601955 0.0401417 324.014 -0.0133522 0.0489096 0.998714 0.275875
-0.751775 -0.658055 0.0423952 162.233 0.659419 -0.750262 0.0476738 325.108 0.000435563 0.0637962 0.997963 0.279053
-0.849617 -0.527332 0.0084668 160.795 0.5273 -0.849033 0.0331427 325.989 -0.0102886 0.0326232 0.999415 0.310115
-0.895245 -0.445467 -0.00980144 159.185 0.445085 -0.895075 0.0272061 326.786 -0.0208924 0.0199936 0.999582 0.317874
-0.90951 -0.415654 -0.00478998 157.485 0.415584 -0.909487 0.0111208 327.545 -0.00897882 0.00812383 0.999927 0.322145
-0.91021 -0.413977 0.0118443 155.707 0.414088 -0.910191 0.00919304 328.36 0.00697488 0.0132722 0.999888 0.328368
-0.909122 -0.416513 0.00389707 153.816 0.416529 -0.909046 0.0117808 329.227 -0.00136424 0.0123334 0.999923 0.367531
-0.905282 -0.424805 0.00216805 151.83 0.424806 -0.905284 -0.000134572 330.128 0.00201987 0.000799175 0.999998 0.390771
-0.90152 -0.432731 -0.00234891 150.446 0.432736 -0.901517 -0.00254177 330.782 -0.00101768 -0.00330792 0.999994 0.410662
-0.898086 -0.439712 -0.00975588 149.005 0.439764 -0.898105 -0.00395924 331.474 -0.00702087 -0.00784602 0.999945 0.427909
-0.895377 -0.445275 -0.00554903 147.523 0.445301 -0.895367 -0.00506081 332.21 -0.00271497 -0.00700232 0.999972 0.426612
-0.892393 -0.45118 -0.00841625 145.981 0.451201 -0.892422 -0.000684127 332.996 -0.00720218 -0.00440793 0.999964 0.421221
-0.889528 -0.456567 -0.0169403 144.399 0.456527 -0.889687 0.00640638 333.816 -0.0179965 -0.00203503 0.999836 0.414773
-0.886898 -0.461608 -0.0181928 142.805 0.461567 -0.887081 0.00664136 334.655 -0.0192042 -0.002507 0.999812 0.40538
-0.885466 -0.464554 -0.0118512 141.196 0.464567 -0.885536 0.00183128 335.504 -0.0113454 -0.00388414 0.999928 0.394143
-0.885324 -0.464844 -0.0109972 139.569 0.464841 -0.885389 0.00294915 336.369 -0.0111077 -0.00250099 0.999935 0.391945
-0.886203 -0.463139 -0.0121295 137.934 0.463111 -0.886285 0.00520464 337.235 -0.0131607 -0.00100493 0.999913 0.393149
-0.887298 -0.460938 -0.0154657 136.302 0.460959 -0.887418 0.0023912 338.087 -0.0148268 -0.00500735 0.999878 0.389624
-0.888164 -0.45923 -0.0165271 134.676 0.45926 -0.888299 0.00213195 338.938 -0.0156601 -0.00569671 0.999861 0.387295
-0.889416 -0.456842 -0.0152943 133.06 0.456909 -0.889513 -0.00101724 339.779 -0.0131398 -0.00789286 0.999883 0.384516
-0.892258 -0.451276 -0.0150252 131.441 0.451333 -0.892356 -0.000461254 340.618 -0.0131997 -0.00719294 0.999887 0.375354
-0.89556 -0.444349 -0.022937 129.813 0.44446 -0.895799 0.000292638 341.437 -0.020677 -0.00993252 0.999737 0.377091
-0.898192 -0.439002 -0.0229914 128.191 0.439271 -0.898318 -0.00811047 342.23 -0.0170931 -0.0173842 0.999703 0.368076
-0.900056 -0.43543 -0.0173405 126.578 0.435617 -0.900088 -0.00887743 343.026 -0.0117425 -0.015544 0.99981 0.366648
-0.900668 -0.434025 -0.0204759 124.964 0.434271 -0.900733 -0.00941033 343.812 -0.014359 -0.0173677 0.999746 0.37261
-0.900038 -0.43539 -0.0191595 123.36 0.435609 -0.90009 -0.00911838 344.606 -0.0132752 -0.0165529 0.999775 0.381166
-0.897208 -0.441194 -0.0191269 121.765 0.441473 -0.897163 -0.0141605 345.392 -0.0109124 -0.0211489 0.999717 0.386835
-0.893079 -0.449264 -0.0239047 120.176 0.449639 -0.893108 -0.0134864 346.194 -0.0152905 -0.022793 0.999623 0.392662
-0.888259 -0.458614 -0.0258646 118.603 0.459019 -0.888339 -0.0124849 347.007 -0.0172508 -0.0229622 0.999587 0.390766
-0.883381 -0.46801 -0.0245862 117.053 0.468362 -0.883469 -0.0109788 347.83 -0.016583 -0.0212137 0.999637 0.388068
-0.878553 -0.477155 -0.0216346 115.518 0.477478 -0.878542 -0.0133664 348.659 -0.0126291 -0.0220731 0.999677 0.390485
-0.873554 -0.486257 -0.0213726 113.997 0.486577 -0.873532 -0.0135909 349.497 -0.0120609 -0.0222718 0.999679 0.399844
-0.868761 -0.494635 -0.0242804 112.488 0.495008 -0.868796 -0.0126319 350.353 -0.0148466 -0.0229932 0.999625 0.404163
-0.86473 -0.501538 -0.0265038 110.998 0.501885 -0.864896 -0.0081781 351.221 -0.0188214 -0.0203737 0.999615 0.40473
-0.862177 -0.506055 -0.0236366 109.555 0.50628 -0.862358 -0.00434633 352.078 -0.0181837 -0.015714 0.999711 0.408123
-0.861109 -0.50811 -0.0177794 108.178 0.508198 -0.86124 -0.000520078 352.902 -0.0150481 -0.00948328 0.999842 0.413411
-0.860979 -0.508456 -0.0136953 106.871 0.508473 -0.861074 0.00251663 353.687 -0.0130723 -0.00479692 0.999903 0.423302
-0.862554 -0.505869 -0.00987706 105.635 0.505836 -0.86261 0.0058485 354.428 -0.0114786 4.84772e-05 0.999934 0.432283
-0.868808 -0.494997 -0.0122604 103.923 0.494849 -0.868878 0.0132761 355.426 -0.0172244 0.00546734 0.999837 0.456244
-0.878325 -0.478025 -0.0060873 102.343 0.477915 -0.878298 0.0137949 356.304 -0.0119408 0.00920722 0.999886 0.470054
-0.888983 -0.457873 -0.00789386 100.768 0.457744 -0.888974 0.0139878 357.131 -0.0134221 0.00882158 0.999871 0.488288
-0.898136 -0.439717 -0.000682511 99.2052 0.4397 -0.898113 0.00755093 357.908 -0.00393324 0.00648166 0.999971 0.502538
-0.905807 -0.423671 0.00413142 97.6311 0.423684 -0.905806 0.00284389 358.661 0.00253739 0.00432643 0.999987 0.524479
-0.911634 -0.410969 0.00523088 96.0006 0.410982 -0.911642 0.00150402 359.41 0.00415058 0.00352091 0.999985 0.548557
-0.915405 -0.402508 0.00454987 94.3037 0.402462 -0.915397 -0.00858334 360.152 0.0076198 -0.00602609 0.999953 0.574821
-0.916387 -0.400264 0.00489713 92.5416 0.400219 -0.916383 -0.00817108 360.934 0.00775824 -0.00552794 0.999955 0.596647
-0.915515 -0.401952 -0.0163531 90.6574 0.402057 -0.915607 -0.00364768 361.754 -0.0135068 -0.00991439 0.99986 0.603449
-0.912095 -0.408997 -0.028372 88.6719 0.409376 -0.912323 -0.0088848 362.621 -0.0222505 -0.0197186 0.999558 0.591801
-0.908946 -0.41685 -0.00728505 87.3141 0.416905 -0.908676 -0.0223256 363.232 0.00268667 -0.0233299 0.999724 0.555667
-0.904845 -0.424273 -0.0353351 85.8542 0.424838 -0.905214 -0.010027 363.911 -0.0277317 -0.0240845 0.999325 0.540809
-0.901803 -0.431014 -0.0312978 84.3805 0.431434 -0.90211 -0.00788621 364.621 -0.024835 -0.0206148 0.999479 0.510626
-0.898832 -0.438244 -0.00652552 82.8795 0.438273 -0.898552 -0.0228195 365.345 0.00413701 -0.0233709 0.999718 0.473857
-0.894364 -0.446646 -0.0248953 81.283 0.447225 -0.894009 -0.0271545 366.113 -0.0101282 -0.0354198 0.999321 0.470825
-0.888308 -0.45855 -0.0253069 79.662 0.459201 -0.887657 -0.0346421 366.922 -0.00657872 -0.0423938 0.999079 0.458843
-0.881778 -0.471664 -8.38432e-05 78.0383 0.471344 -0.881173 -0.0370089 367.793 0.0173819 -0.0326732 0.999315 0.454283
-0.875011 -0.483993 -0.0103112 76.3502 0.484099 -0.874719 -0.0227069 368.722 0.00197063 -0.0248604 0.999689 0.484443
-0.86916 -0.494126 -0.0200032 74.6385 0.494409 -0.869133 -0.0129572 369.674 -0.0109829 -0.0211516 0.999716 0.487922
-0.866417 -0.49919 -0.0114999 72.9324 0.499314 -0.866307 -0.014069 370.645 -0.00293936 -0.0179317 0.999835 0.47935
-0.865846 -0.5002 -0.0104854 71.2099 0.50029 -0.865811 -0.00907497 371.639 -0.00453904 -0.0131033 0.999904 0.496158
-0.866949 -0.498179 -0.0147787 69.4742 0.498324 -0.86695 -0.00848032 372.627 -0.00858763 -0.0147166 0.999855 0.508651
-0.869865 -0.492912 -0.0192828 67.7312 0.4931 -0.869949 -0.0063545 373.615 -0.0136429 -0.0150359 0.999794 0.513052
-0.873144 -0.487456 -0.00232883 66.0167 0.487459 -0.873114 -0.00742161 374.599 0.00158437 -0.00761535 0.99997 0.507456
-0.876523 -0.48136 -0.00101836 64.2915 0.481358 -0.876523 0.00162108 375.583 -0.00167294 0.000930715 0.999998 0.510862
-0.87903 -0.476691 -0.00852585 62.5569 0.476665 -0.879071 0.00491279 376.538 -0.00983671 0.00025451 0.999952 0.515641
-0.881082 -0.472915 -0.00679908 60.841 0.472951 -0.881071 -0.00554831 377.452 -0.0033666 -0.00810415 0.999961 0.520969
-0.883069 -0.469226 -0.00406244 59.1286 0.469243 -0.88303 -0.00830904 378.37 0.000311559 -0.00924373 0.999957 0.533736
-0.885015 -0.465499 -0.0077601 57.4178 0.465516 -0.885039 -0.000466071 379.292 -0.00665103 -0.00402493 0.99997 0.549384
-0.887827 -0.459901 -0.0159281 55.7041 0.459828 -0.88797 0.00822038 380.204 -0.0179242 -2.58964e-05 0.999839 0.552965
-0.890881 -0.454121 -0.0102793 54.0037 0.454135 -0.890932 0.00104683 381.08 -0.00963358 -0.00373561 0.999947 0.53962
